5 100
37
100 10 10
200 1 4 0
200 2 6 0
200 1 1 6
400 1 0 3
200 2 4 5
200 1 6 0
200 2 4 0
200 1 7 0
300 2 0 0
200 1 3 5
200 2 3 0
200 1 7 0
200 2 7 0
200 1 0 0
200 2 2 5
200 1 4 5
200 2 4 7
200 1 7 0
200 2 5 0
200 1 3 0
300 2 9 11
200 1 0 0
200 2 3 0
200 1 6 0
200 2 2 0
200 1 7 0
200 2 2 0
200 1 6 0
200 2 6 0
200 1 6 0
300 2 6 10
400 2 2 14
200 1 4 0
200 2 5 7
200 1 4 0
400 2 8 10
94
100 15 12
200 1 6 0
200 2 3 0
200 1 10 0
200 2 7 0
200 1 1 0
200 2 5 0
200 1 4 0
200 2 3 0
200 1 11 0
200 2 5 5
200 1 10 0
300 2 0 0
200 1 5 0
200 2 2 0
200 1 1 0
200 2 4 0
200 1 3 0
200 2 8 0
200 1 10 0
200 2 8 5
200 1 5 0
200 2 1 0
200 1 9 5
200 2 2 0
200 1 12 5
200 2 5 10
200 1 6 10
200 2 12 0
200 1 12 0
300 2 0 0
200 1 10 0
200 2 3 0
300 1 9 6
200 2 5 5
200 1 9 0
400 1 20 19
200 2 5 0
200 1 10 0
200 2 9 0
200 1 0 0
200 2 4 5
200 1 1 0
200 2 11 5
200 1 2 0
200 2 4 0
200 1 0 0
200 2 6 0
200 1 12 0
200 2 12 0
200 1 5 0
200 2 7 0
200 1 1 10
300 2 12 0
200 1 12 0
200 2 4 5
200 1 11 0
200 2 9 0
200 1 9 11
200 2 1 5
200 1 3 0
400 1 30 26
200 2 5 0
200 1 5 0
200 2 2 0
200 1 6 0
300 2 1 0
200 1 1 0
200 2 1 0
200 1 9 0
200 2 3 0
300 1 10 0
400 1 45 35
200 2 11 0
200 1 11 0
200 2 11 0
300 1 8 0
300 2 13 0
200 1 7 5
200 2 8 0
200 1 12 0
200 2 7 0
200 1 9 0
400 1 49 50
200 2 7 6
200 1 0 14
200 2 1 5
200 1 0 0
200 2 0 0
200 1 9 0
200 2 8 10
200 1 11 0
200 2 3 0
400 0 37 39
228
100 27 25
200 1 5 0
200 2 21 0
400 0 3 3
200 1 9 0
200 2 18 6
200 1 11 5
200 2 5 0
200 1 22 0
200 2 16 0
200 1 2 6
200 2 6 0
200 1 2 0
200 2 15 0
200 1 0 5
200 2 24 0
200 1 12 0
200 2 5 0
200 1 13 0
200 2 12 0
200 1 13 0
200 2 15 0
200 1 1 0
200 2 11 0
200 1 1 0
200 2 16 0
200 1 23 0
200 2 2 5
200 1 21 0
200 2 18 12
200 1 9 0
200 2 6 0
200 1 14 0
200 2 23 0
300 1 12 7
200 2 0 0
200 1 21 0
200 2 24 0
200 1 20 10
200 2 0 0
200 1 5 0
200 2 10 0
400 1 21 35
200 1 8 0
200 2 24 0
200 1 22 0
200 2 9 0
200 1 19 9
200 2 9 0
200 1 8 0
300 2 19 0
200 1 16 0
200 2 18 5
200 1 7 0
200 2 12 0
200 1 18 0
300 2 26 0
200 1 6 5
200 2 9 0
300 1 3 0
200 2 2 5
200 1 3 5
200 2 15 0
200 1 16 0
300 2 14 15
200 1 15 0
200 2 13 0
200 1 12 0
200 2 17 0
200 1 1 0
200 2 4 0
200 1 1 0
200 2 7 0
200 1 8 0
200 2 22 5
200 1 9 0
200 2 13 0
200 1 19 0
200 2 9 0
300 1 13 19
200 2 24 5
300 1 19 7
400 1 30 40
200 2 22 0
300 1 4 5
200 2 17 0
200 1 3 6
200 2 23 5
200 1 23 0
400 1 26 43
200 2 21 0
200 1 12 0
200 2 11 0
300 1 13 0
200 2 2 5
200 1 0 0
200 2 0 0
200 1 2 0
200 2 9 0
200 1 11 0
200 2 24 5
200 1 20 0
200 2 19 0
200 1 14 7
200 2 2 0
200 1 7 0
200 2 22 0
200 1 12 0
200 2 11 0
200 1 8 0
200 2 18 6
200 1 11 0
200 2 24 0
200 1 21 0
200 2 5 5
300 1 24 0
200 2 20 0
200 1 5 0
200 2 18 5
200 1 11 0
300 2 6 0
200 1 21 0
400 1 55 59
200 2 19 5
200 1 14 0
200 2 0 0
200 1 20 5
200 2 7 0
200 1 9 0
200 2 5 0
200 1 12 10
200 2 4 5
200 1 4 0
200 2 24 5
200 1 0 0
200 2 1 0
200 1 11 0
200 2 10 0
300 1 13 0
200 2 12 5
200 1 19 5
200 2 21 5
200 1 7 0
200 2 18 0
200 1 24 0
200 2 21 0
200 1 17 5
200 2 1 0
200 1 24 0
200 2 10 0
200 1 16 0
200 2 16 5
200 1 21 0
400 1 67 74
200 2 1 0
200 1 3 6
200 2 8 0
200 1 5 5
200 2 19 0
200 1 12 0
200 2 9 5
200 1 5 0
400 1 68 81
200 2 18 5
200 1 11 0
200 2 16 0
200 1 13 10
200 2 6 0
200 1 12 0
200 2 20 5
200 1 1 0
300 2 13 21
200 1 14 5
200 2 4 0
200 1 19 11
300 2 26 6
200 1 19 0
200 2 11 0
200 1 13 6
200 2 1 0
200 1 4 0
200 2 10 5
200 1 19 0
200 2 14 0
300 1 22 6
200 2 22 0
200 1 16 0
200 2 15 5
200 1 12 0
200 2 12 0
200 1 19 0
200 2 8 0
200 1 12 0
200 2 8 0
200 1 10 0
200 2 8 5
200 1 20 5
200 2 7 0
200 1 20 5
200 2 0 0
200 1 5 0
200 2 6 5
200 1 9 5
200 2 15 0
300 1 6 34
200 2 5 0
300 1 2 6
200 2 19 0
200 1 10 0
200 2 14 0
200 1 15 0
200 2 18 0
200 1 12 0
400 1 61 63
200 2 22 0
200 1 9 0
200 2 11 0
200 1 11 10
200 2 19 5
400 1 57 57
200 1 1 0
200 2 14 0
200 1 24 0
200 2 5 0
200 1 15 0
200 2 7 0
200 1 6 0
400 1 69 66
1264
100 40 120
300 1 11 0
200 2 7 0
200 1 11 0
300 2 7 0
200 1 24 0
200 2 30 0
200 1 17 0
200 2 6 0
400 0 9 9
200 1 27 6
200 2 23 0
200 1 9 0
200 2 4 6
200 1 23 0
200 2 27 6
200 1 23 0
200 2 35 0
200 1 14 6
200 2 32 6
200 1 30 0
300 2 6 0
200 1 29 0
200 2 25 5
200 1 32 6
400 2 10 4
200 2 14 0
300 1 1 0
200 2 7 0
200 1 18 0
200 2 35 0
200 1 15 0
200 2 25 0
200 1 31 0
200 2 15 0
200 1 10 0
200 2 1 0
200 1 24 0
200 2 15 0
200 1 22 0
200 2 10 0
200 1 29 5
200 2 21 0
200 1 9 0
300 2 31 0
200 1 35 0
200 2 11 0
200 1 0 0
200 2 2 0
200 1 29 0
200 2 27 0
200 1 7 0
200 2 28 0
200 1 2 0
300 2 19 9
200 1 14 0
200 2 27 0
200 1 3 0
200 2 15 0
300 1 4 6
200 2 15 0
300 1 13 0
200 2 31 0
200 1 11 7
200 2 13 6
200 1 6 0
300 2 2 0
200 1 19 7
200 2 36 0
200 1 1 0
200 2 6 0
200 1 15 0
300 2 32 0
200 1 13 0
300 2 33 0
200 1 9 0
200 2 28 0
200 1 0 0
300 2 15 0
300 1 10 0
200 2 18 6
200 1 21 0
200 2 4 5
300 1 0 0
200 2 18 0
200 1 32 0
200 2 10 0
200 1 12 0
400 2 52 59
200 2 33 0
200 1 25 0
200 2 7 11
200 1 23 0
200 2 24 0
200 1 4 0
200 2 24 0
200 1 16 0
200 2 15 0
200 1 9 0
200 2 24 0
200 1 14 0
200 2 13 0
200 1 33 0
300 2 18 0
200 1 22 0
300 2 20 0
200 1 10 6
400 2 59 70
400 2 59 70
200 2 7 0
300 1 31 14
300 2 15 0
300 1 21 0
300 2 22 0
200 1 2 0
200 2 9 5
200 1 37 0
200 2 35 0
200 1 22 0
200 2 20 0
200 1 22 5
200 2 8 5
200 1 0 0
200 2 34 5
200 1 7 0
200 2 7 0
200 1 21 0
400 2 67 55
200 2 18 6
200 1 8 0
200 2 19 0
200 1 11 0
200 2 5 0
200 1 30 0
300 2 30 7
200 1 24 0
400 2 63 57
200 2 10 0
200 1 18 6
200 2 17 6
400 2 60 57
200 1 28 0
200 2 26 0
200 1 36 0
200 2 28 0
200 1 27 0
200 2 30 0
200 1 18 0
200 2 27 9
400 2 72 60
200 1 5 5
300 2 12 0
200 1 5 0
400 2 73 60
200 2 4 0
200 1 10 0
200 2 37 0
400 2 76 66
300 1 28 5
200 2 20 0
200 1 11 0
200 2 28 0
200 1 25 6
200 2 2 5
200 1 22 5
200 2 24 0
200 1 18 0
200 2 32 5
200 1 36 0
200 2 1 0
200 1 11 0
200 2 35 0
200 1 36 0
200 2 20 0
400 2 74 72
200 1 27 0
200 2 34 0
200 1 0 0
400 2 80 75
200 2 17 5
200 1 9 0
200 2 33 9
200 1 14 6
200 2 24 9
200 1 17 0
200 2 19 0
200 1 30 5
200 2 15 0
300 1 22 0
200 2 4 0
300 1 2 20
200 2 11 0
200 1 27 0
200 2 36 0
200 1 7 5
200 2 22 0
300 1 6 30
200 2 32 0
200 1 32 0
300 2 20 0
200 1 4 5
200 2 12 0
300 1 6 0
200 2 17 0
200 1 35 0
200 2 8 5
200 1 14 5
200 2 11 5
200 1 28 0
200 2 11 0
200 1 10 0
200 2 29 0
200 1 17 5
200 2 13 9
200 1 20 0
200 2 15 0
200 1 34 0
200 2 4 0
200 1 24 0
200 2 18 0
200 1 16 6
300 2 17 14
200 1 18 0
200 2 12 5
200 1 27 0
200 2 19 0
200 1 8 0
200 2 18 0
300 1 38 0
200 2 26 0
200 1 27 5
300 2 15 0
200 1 6 0
200 2 33 0
200 1 34 10
200 2 9 0
200 1 37 0
200 2 18 0
200 1 35 0
300 2 2 0
200 1 21 5
200 2 6 0
200 1 1 0
200 2 37 0
200 1 20 0
400 1 79 68
200 2 15 0
200 1 27 0
400 1 82 71
200 2 11 0
200 1 29 5
200 2 6 0
200 1 27 0
200 2 23 0
200 1 29 9
200 2 26 10
300 1 33 12
200 2 22 0
200 1 3 0
300 2 19 27
200 1 15 0
200 2 25 0
400 1 61 57
200 1 1 0
200 2 9 7
200 1 33 0
200 2 30 0
200 1 13 0
200 2 19 0
200 1 0 0
200 2 19 0
200 1 31 0
200 2 21 0
200 1 36 5
200 2 15 0
200 1 29 0
200 2 35 0
200 1 30 7
200 2 10 0
200 1 24 0
300 2 28 0
200 1 19 0
200 2 10 0
200 1 17 0
200 2 34 0
400 1 82 80
200 1 11 0
300 2 17 5
200 1 24 0
200 2 0 0
200 1 14 0
300 2 27 21
200 1 17 5
200 2 29 0
200 1 21 0
400 1 82 70
200 2 21 0
200 1 24 11
200 2 8 5
200 1 16 0
200 2 9 5
200 1 33 0
200 2 25 0
200 1 36 0
200 2 31 0
200 1 7 0
200 2 2 0
200 1 17 0
200 2 8 0
200 1 34 0
200 2 11 0
300 1 13 0
200 2 36 0
300 1 21 7
200 2 3 0
300 1 7 0
200 2 36 0
300 1 29 0
200 2 18 0
200 1 5 0
200 2 32 0
200 1 18 10
200 2 32 5
200 1 18 0
200 2 17 0
200 1 21 0
200 2 11 12
300 1 16 18
200 2 18 0
300 1 7 0
200 2 5 5
200 1 28 0
200 2 16 0
200 1 22 0
200 2 8 0
200 1 20 5
400 1 79 76
200 2 2 0
300 1 7 0
200 2 30 0
200 1 3 6
200 2 4 0
200 1 26 0
200 2 10 0
200 1 9 0
200 2 37 0
200 1 3 0
400 1 85 91
200 2 3 0
200 1 26 0
200 2 25 0
200 1 10 0
200 2 13 5
200 1 30 0
200 2 21 0
400 1 94 98
200 1 33 6
200 2 9 6
400 1 91 95
200 1 12 0
200 2 36 0
200 1 4 5
400 1 92 93
200 2 32 5
200 1 33 0
400 1 89 91
200 2 20 6
200 1 34 0
200 2 12 0
200 1 29 0
200 2 18 5
200 1 31 5
200 2 8 0
200 1 27 0
200 2 18 0
200 1 24 0
200 2 34 0
200 1 31 0
200 2 2 0
200 1 16 5
200 2 7 0
300 1 24 0
200 2 15 0
200 1 0 0
200 2 28 0
200 1 4 0
200 2 29 0
300 1 30 36
300 2 16 0
200 1 36 0
200 2 33 5
300 1 19 0
200 2 23 0
300 1 36 5
200 2 30 0
200 1 2 0
200 2 33 14
200 1 5 10
200 2 19 5
300 1 19 0
200 2 19 0
200 1 35 0
300 2 14 19
300 1 25 6
200 2 27 0
200 1 11 0
200 2 12 0
200 1 9 0
400 1 64 70
200 2 14 0
200 1 11 0
200 2 28 0
200 1 27 0
200 2 10 0
200 1 2 0
400 1 73 79
200 2 20 0
200 1 10 0
200 2 19 5
200 1 35 5
200 2 12 0
200 1 7 10
200 2 8 17
400 1 61 69
200 1 20 0
300 2 30 0
200 1 1 5
200 2 5 0
200 1 30 0
200 2 13 11
200 1 35 0
200 2 2 0
200 1 34 0
200 2 8 0
200 1 9 0
200 2 32 0
200 1 8 0
200 2 14 0
200 1 27 0
200 2 14 6
200 1 20 0
200 2 25 0
300 1 28 0
200 2 14 0
200 1 6 0
200 2 21 0
300 1 39 0
200 2 12 5
200 1 34 5
200 2 33 0
400 1 75 82
200 1 1 0
200 2 37 0
200 1 35 0
200 2 29 0
200 1 32 0
200 2 32 0
200 1 7 0
300 2 16 0
200 1 35 5
300 2 39 0
200 1 13 0
200 2 26 0
200 1 16 0
200 2 28 5
200 1 5 5
400 1 87 94
200 2 5 0
200 1 5 0
300 2 22 0
200 1 34 0
200 2 29 6
200 1 37 0
300 2 19 0
200 1 35 0
400 1 98 95
200 2 15 0
200 1 31 5
400 1 96 98
200 2 2 5
200 1 25 0
200 2 33 0
200 1 0 5
300 2 34 16
200 1 22 0
200 2 4 0
200 1 29 0
200 2 31 0
200 1 10 0
300 2 38 11
200 1 29 0
200 2 27 0
200 1 29 0
200 2 9 0
200 1 21 5
300 2 34 0
200 1 18 0
200 2 7 0
200 1 23 0
300 2 37 0
200 1 34 0
200 2 31 0
200 1 33 0
400 2 99 99
200 2 5 5
200 1 1 0
200 2 27 0
300 1 9 13
400 1 94 95
200 2 33 0
200 1 13 0
200 2 26 16
300 1 18 0
200 2 28 0
200 1 16 9
200 2 30 0
200 1 0 0
200 2 23 16
200 1 2 0
200 2 29 0
300 1 17 0
200 2 34 0
200 1 16 0
400 2 88 80
200 2 16 0
200 1 14 0
200 2 2 0
200 1 25 0
200 2 33 0
400 2 94 89
200 1 5 0
300 2 10 0
200 1 17 5
200 2 25 0
200 1 12 0
300 2 0 21
200 1 32 0
200 2 18 0
200 1 11 0
200 2 0 0
200 1 8 0
200 2 34 5
300 1 31 11
200 2 29 0
300 1 32 7
300 2 35 0
200 1 12 10
200 2 21 0
200 1 1 0
200 2 18 9
200 1 7 0
200 2 10 0
200 1 20 0
200 2 24 0
200 1 24 0
300 2 7 12
200 1 9 0
200 2 0 0
200 1 28 6
200 2 37 0
400 2 68 72
200 1 12 0
200 2 9 0
300 1 36 0
200 2 26 6
200 1 33 0
200 2 23 0
200 1 2 0
400 2 71 75
200 2 19 0
200 1 24 0
200 2 17 0
200 1 20 0
200 2 37 0
200 1 16 0
200 2 26 0
200 1 11 5
200 2 22 0
300 1 12 0
300 2 33 6
200 1 17 0
200 2 15 0
200 1 3 0
400 2 79 92
200 2 15 0
200 1 10 0
200 2 30 0
200 1 25 0
400 2 85 98
200 2 11 0
200 1 32 0
200 2 19 0
200 1 29 0
200 2 5 6
200 1 5 0
200 2 21 7
200 1 2 0
400 2 86 97
200 2 10 0
200 1 17 5
200 2 19 0
200 1 37 0
200 2 31 0
400 2 87 106
300 1 30 0
200 2 25 0
200 1 34 0
200 2 10 0
300 1 8 0
200 2 20 0
200 1 35 0
200 2 17 21
200 1 25 0
300 2 33 0
200 1 20 0
400 2 94 97
200 2 28 5
200 1 7 0
200 2 9 0
300 1 31 29
200 2 3 0
200 1 36 0
300 2 16 0
200 1 10 0
200 2 34 0
200 1 19 0
300 2 38 0
300 1 36 0
200 2 0 5
200 1 14 0
200 2 6 0
200 1 2 0
200 2 6 0
200 1 14 5
200 2 5 0
200 1 25 0
200 2 21 0
200 1 0 5
200 2 7 6
200 1 25 0
200 2 1 0
200 1 17 0
200 2 4 0
300 1 32 0
200 2 11 0
200 1 23 0
200 2 19 0
200 1 22 0
200 2 17 0
200 1 29 0
200 2 21 0
200 1 18 0
200 2 4 0
300 1 5 0
200 2 20 0
300 1 9 36
200 2 31 0
200 1 32 0
200 2 9 5
200 1 34 0
200 2 11 0
200 1 35 0
200 2 31 0
200 1 35 5
400 2 104 109
200 2 22 0
200 1 9 0
200 2 9 0
200 1 32 0
200 2 2 0
400 2 110 118
200 1 26 0
200 2 14 12
200 1 32 0
200 2 1 0
200 1 20 0
400 2 109 112
200 2 6 14
200 1 24 10
200 2 26 0
200 1 13 0
200 2 23 6
200 1 12 0
200 2 0 0
200 1 0 0
400 2 106 104
200 2 35 5
200 1 8 0
200 2 14 0
200 1 37 0
200 2 27 6
200 1 7 5
200 2 34 0
200 1 31 0
200 2 34 0
200 1 37 15
400 2 101 97
200 2 11 0
200 1 16 0
200 2 4 0
200 1 17 0
200 2 28 0
200 1 0 0
200 2 23 0
400 2 110 109
200 1 1 0
200 2 34 0
200 1 14 0
200 2 33 0
300 1 33 14
200 2 26 5
200 1 25 0
200 2 14 0
200 1 13 0
400 2 109 105
200 2 31 5
200 1 13 26
200 2 9 0
300 1 36 0
300 2 21 0
300 1 14 0
200 2 25 0
400 1 86 99
200 1 25 0
400 1 89 99
200 2 7 5
200 1 5 5
200 2 20 0
300 1 39 13
200 2 9 0
200 1 4 0
200 2 3 0
200 1 33 0
300 2 1 0
200 1 30 0
200 2 9 0
200 1 34 0
200 2 28 0
300 1 36 0
200 2 6 0
200 1 30 0
300 2 30 0
200 1 0 0
200 2 10 9
400 1 97 104
200 1 10 6
200 2 27 0
300 1 24 0
200 2 12 0
200 1 2 10
200 2 30 11
200 1 24 0
200 2 34 0
300 1 35 12
200 2 0 5
200 1 23 5
200 2 9 0
200 1 37 6
200 2 34 0
300 1 19 0
200 2 24 5
200 1 23 0
300 2 18 0
200 1 31 6
200 2 13 0
200 1 37 0
300 2 31 0
300 1 29 5
300 2 8 0
200 1 3 0
200 2 32 5
300 1 29 0
200 2 10 6
200 1 23 0
200 2 8 0
200 1 6 21
200 2 2 0
200 1 17 0
400 1 62 75
200 2 36 0
200 1 2 0
200 2 1 0
200 1 25 0
200 2 8 0
300 1 37 0
200 2 29 6
200 1 22 0
200 2 1 0
200 1 29 0
200 2 34 5
200 1 13 0
200 2 5 0
200 1 25 0
200 2 28 0
200 1 6 0
200 2 24 0
200 1 17 0
200 2 31 6
300 1 38 0
200 2 0 0
200 1 20 0
200 2 8 10
200 1 21 10
300 2 14 0
200 1 13 0
200 2 26 0
200 1 15 0
200 2 15 0
200 1 2 0
300 2 1 9
200 1 2 5
200 2 20 0
200 1 0 0
200 2 37 0
200 1 3 0
300 2 30 10
200 1 23 0
200 2 33 0
200 1 1 0
300 2 18 0
200 1 22 13
200 2 25 0
300 1 5 0
200 2 0 0
200 1 36 0
200 2 3 0
200 1 12 9
200 2 5 0
400 1 77 83
200 1 35 0
200 2 11 0
300 1 1 10
200 2 6 19
400 1 65 65
200 1 23 5
200 2 35 5
300 1 15 0
200 2 6 0
200 1 29 0
200 2 1 0
200 1 11 0
200 2 1 0
400 1 69 72
200 1 26 0
200 2 13 0
200 1 19 0
200 2 37 0
200 1 27 0
200 2 25 0
200 1 19 0
200 2 28 0
200 1 34 0
400 1 84 84
200 2 11 0
300 1 24 0
200 2 13 0
200 1 0 0
200 2 13 0
200 1 23 0
200 2 19 0
200 1 20 5
300 2 34 0
200 1 0 0
200 2 7 5
200 1 21 0
200 2 15 5
200 1 4 0
300 2 19 27
200 1 20 0
200 2 6 5
200 1 33 5
200 2 11 5
200 1 30 0
200 2 24 5
400 2 79 64
300 1 28 0
200 2 32 0
400 2 79 67
400 2 79 67
200 1 2 7
200 2 23 0
400 1 75 65
200 1 34 0
200 2 31 0
200 1 24 0
200 2 6 5
200 1 5 0
200 2 30 5
200 1 9 8
200 2 24 0
200 1 29 0
400 1 82 67
300 2 25 0
400 1 82 67
200 1 1 0
200 2 8 0
400 1 85 70
300 1 4 7
300 2 20 0
200 1 25 0
400 1 86 65
200 2 29 0
200 1 23 0
400 1 89 68
400 1 89 68
200 2 18 5
200 1 3 7
200 2 34 0
200 1 33 5
200 2 3 0
300 1 36 9
200 2 18 0
400 1 72 72
200 1 14 0
300 2 21 13
200 1 20 0
200 2 26 0
200 1 3 0
200 2 25 0
200 1 12 0
300 2 26 0
200 1 7 0
200 2 12 0
200 1 30 0
200 2 9 0
300 1 12 15
200 2 5 0
200 1 22 0
200 2 7 0
200 1 5 0
200 2 24 5
200 1 15 0
400 1 79 75
200 2 23 0
400 1 79 78
300 1 16 0
200 2 4 0
200 1 4 0
200 2 1 0
200 1 25 0
200 2 36 0
200 1 11 0
200 2 12 0
200 1 15 5
200 2 21 0
200 1 9 0
200 2 31 0
200 1 15 0
200 2 1 0
200 1 13 0
200 2 3 0
200 1 22 6
200 2 10 0
200 1 23 0
200 2 1 5
400 1 95 103
200 1 8 0
200 2 28 0
200 1 30 0
200 2 31 0
200 1 17 0
300 2 34 27
300 1 13 21
200 2 32 0
200 1 20 0
200 2 30 0
200 1 10 0
200 2 13 0
200 1 34 0
200 2 30 0
200 1 12 0
200 2 30 5
200 1 9 11
200 2 16 0
200 1 14 0
200 2 10 0
200 1 25 0
200 2 11 28
200 1 37 0
400 0 74 67
200 2 15 0
200 1 14 0
200 2 4 0
300 1 22 0
200 2 20 0
200 1 29 0
200 2 20 0
200 1 22 0
200 2 37 0
200 1 35 0
200 2 16 11
200 1 15 0
400 2 83 74
400 2 83 74
200 2 35 0
200 1 18 5
200 2 7 0
200 1 22 0
200 2 14 0
200 1 14 0
200 2 27 0
200 1 6 0
200 2 1 5
200 1 11 0
200 2 18 0
200 1 10 0
200 2 18 0
200 1 20 0
200 2 19 0
200 1 11 0
200 2 6 0
200 1 14 10
200 2 22 0
200 1 2 0
200 2 35 0
200 1 30 0
200 2 4 0
200 1 31 0
200 2 31 0
200 1 17 0
300 2 27 0
200 1 33 6
200 2 20 0
200 1 2 0
200 2 37 0
200 1 28 11
200 2 14 0
200 1 15 0
200 2 17 14
200 1 32 0
300 2 17 0
200 1 12 0
400 1 102 96
200 2 21 0
200 1 2 0
200 2 2 0
200 1 5 5
200 2 27 0
200 1 3 0
200 2 10 0
400 1 106 108
200 1 20 0
200 2 3 0
200 1 29 0
200 2 22 0
200 1 4 5
300 2 37 0
200 1 33 6
400 1 107 114
200 2 34 5
200 1 13 5
200 2 35 5
200 1 14 0
200 2 23 0
200 1 15 0
200 2 26 5
400 1 111 111
200 1 22 0
400 1 114 111
200 2 16 0
200 1 35 0
300 2 27 0
400 1 117 114
200 1 15 5
200 2 16 0
200 1 15 0
200 2 26 5
200 1 2 0
200 2 30 0
200 1 3 0
200 2 8 17
400 2 119 104
200 1 11 0
300 2 36 0
200 1 31 6
200 2 29 0
200 1 12 0
200 2 7 0
200 1 29 0
400 2 125 110
200 2 33 5
200 1 17 0
200 2 29 0
200 1 9 5
300 2 26 0
200 1 15 0
200 2 36 0
300 1 24 26
200 2 23 0
300 1 11 0
200 2 22 0
300 1 11 0
400 1 111 107
200 2 3 0
200 1 18 0
400 1 114 110
200 2 4 0
400 1 114 113
300 1 35 16
200 2 15 0
200 1 12 5
200 2 28 0
400 1 103 112
200 1 35 0
400 1 106 112
200 2 2 0
200 1 35 0
200 2 29 0
200 1 35 0
200 2 22 0
200 1 13 0
200 2 32 0
200 1 18 0
200 2 36 0
300 1 30 5
300 2 13 0
200 1 22 0
200 2 5 0
200 1 36 0
200 2 8 0
200 1 15 0
300 2 15 40
300 1 32 0
200 2 3 0
200 1 15 0
200 2 16 0
200 1 17 0
200 2 35 0
300 1 34 6
200 2 34 0
200 1 33 0
200 2 22 0
200 1 11 0
200 2 3 10
300 1 9 0
200 2 33 0
300 1 22 0
200 2 17 0
200 1 16 0
200 2 15 0
200 1 22 0
300 2 22 6
200 1 26 0
300 2 24 0
200 1 31 0
200 2 22 0
200 1 6 0
200 2 10 0
200 1 30 5
200 2 11 0
200 1 17 0
200 2 29 0
200 1 32 0
200 2 24 6
200 1 0 0
300 2 12 0
200 1 3 5
400 1 121 130
200 2 31 0
300 1 27 5
300 2 9 6
200 1 29 0
300 2 27 7
200 1 23 0
300 2 27 0
200 1 4 0
300 2 23 0
200 1 31 5
300 2 0 18
200 1 17 0
200 2 3 0
200 1 18 0
200 2 35 0
200 1 37 0
200 2 11 0
400 2 107 116
200 1 35 0
200 2 37 0
200 1 10 0
200 2 13 0
400 2 113 122
300 1 27 0
200 2 13 0
200 1 2 0
400 2 117 124
300 2 35 12
400 2 115 114
200 1 9 0
400 2 118 114
200 2 2 0
200 1 8 0
300 2 37 0
200 1 7 0
400 2 124 117
200 2 33 0
200 1 31 0
300 2 2 0
200 1 29 0
200 2 22 0
200 1 12 0
200 2 18 0
300 1 28 0
200 2 20 0
200 1 22 0
200 2 13 7
300 1 31 0
200 2 36 0
200 1 24 0
200 2 8 0
200 1 33 0
200 2 33 5
200 1 20 24
200 2 37 0
200 1 14 0
200 2 37 0
200 1 21 0
400 2 122 130
400 2 122 130
200 2 25 0
200 1 5 5
200 2 12 0
200 1 31 5
200 2 5 0
200 1 3 0
200 2 34 0
300 1 37 0
200 2 18 0
200 1 0 0
200 2 33 8
200 1 19 0
200 2 33 0
200 1 31 0
200 2 17 0
200 1 8 0
400 2 125 140
200 2 2 0
300 1 3 0
400 2 125 143
200 2 4 0
200 1 29 0
200 2 35 10
200 1 1 0
200 2 4 5
200 1 5 0
200 2 30 5
200 1 13 0
200 2 0 0
400 2 137 138
200 1 13 0
400 2 140 138
400 2 140 138
200 2 11 0
200 1 29 0
200 2 37 5
200 1 15 0
300 2 0 0
200 1 22 0
200 2 18 0
200 1 1 0
200 2 1 0
300 1 37 0
200 2 19 26
200 1 17 0
400 2 137 122
5412
100 150 150
200 1 24 0
200 2 145 0
200 1 33 0
200 2 55 0
400 0 6 6
200 1 82 0
200 2 21 0
200 1 0 0
200 2 77 0
200 1 47 0
200 2 135 0
200 1 115 0
300 2 91 0
200 1 145 0
200 2 3 0
200 1 21 0
200 2 79 5
200 1 43 0
200 2 46 0
200 1 98 0
200 2 49 0
200 1 75 0
400 2 33 22
200 2 74 0
200 1 35 5
200 2 104 0
200 1 76 0
200 2 104 0
300 1 40 0
200 2 34 0
200 1 42 0
200 2 109 0
200 1 139 0
200 2 113 0
200 1 41 5
200 2 99 0
200 1 131 0
200 2 104 0
200 1 126 0
200 2 133 0
200 1 97 0
200 2 2 0
200 1 71 0
400 1 50 52
200 2 90 0
200 1 93 0
200 2 13 0
200 1 122 0
200 2 27 0
300 1 138 0
400 1 56 61
200 2 38 0
200 1 136 0
200 2 64 0
200 1 20 0
200 2 143 5
200 1 136 0
200 2 48 0
200 1 29 0
200 2 104 0
200 1 134 0
200 2 126 0
200 1 111 0
200 2 110 0
200 1 8 0
200 2 19 0
200 1 100 0
200 2 9 0
200 1 44 0
200 2 101 0
200 1 111 0
200 2 21 0
200 1 138 5
200 2 34 0
200 1 136 0
200 2 80 0
200 1 108 0
200 2 66 5
200 1 3 0
200 2 45 0
200 1 120 5
200 2 17 0
200 1 99 0
200 2 20 5
200 1 144 0
200 2 1 0
400 0 97 100
400 0 97 100
200 1 0 0
200 2 93 0
200 1 133 6
200 2 30 0
200 1 97 0
200 2 114 0
200 1 40 5
200 2 142 0
200 1 13 0
200 2 92 0
200 1 72 0
200 2 67 0
300 1 126 0
200 2 76 0
200 1 14 0
200 2 91 5
200 1 116 0
200 2 46 0
200 1 70 0
200 2 64 6
200 1 126 0
200 2 15 0
200 1 35 0
200 2 136 0
200 1 147 6
200 2 124 0
200 1 119 8
200 2 118 0
200 1 63 0
200 2 129 0
200 1 39 0
200 2 145 0
200 1 49 0
200 2 87 6
200 1 33 0
200 2 53 5
200 1 107 0
200 2 100 0
200 1 92 0
200 2 84 0
200 1 58 0
200 2 84 0
200 1 94 8
400 1 127 141
200 2 135 0
300 1 111 12
200 2 138 0
200 1 31 0
200 2 144 0
200 1 3 0
200 2 15 0
400 1 125 144
200 1 81 0
200 2 2 0
200 1 95 5
200 2 38 0
200 1 122 0
200 2 95 0
200 1 99 0
200 2 16 0
200 1 129 0
200 2 94 0
200 1 19 0
200 2 114 0
400 1 138 162
200 1 100 0
200 2 5 5
200 1 131 0
200 2 113 0
200 1 130 0
200 2 120 0
200 1 99 0
200 2 87 5
200 1 125 0
200 2 23 0
300 1 59 0
200 2 23 0
200 1 50 0
200 2 72 0
300 1 24 0
200 2 71 0
200 1 131 0
300 2 31 6
200 1 74 0
200 2 40 0
400 1 160 175
200 1 4 0
200 2 77 0
200 1 121 0
200 2 83 0
200 1 94 0
200 2 112 0
200 1 59 0
200 2 62 0
200 1 65 0
200 2 64 0
200 1 132 14
200 2 129 0
200 1 61 0
200 2 141 6
200 1 6 6
200 2 111 5
200 1 122 0
200 2 32 0
400 1 167 191
200 1 106 0
200 2 92 0
200 1 18 0
200 2 136 5
200 1 67 7
200 2 119 0
200 1 95 0
200 2 93 0
200 1 128 0
200 2 14 0
200 1 38 0
200 2 118 0
200 1 112 0
200 2 37 5
200 1 27 6
200 2 104 10
200 1 70 0
200 2 45 10
300 1 12 0
200 2 75 0
200 1 54 0
200 2 23 0
200 1 22 0
200 2 4 0
200 1 20 0
200 2 60 0
200 1 20 5
200 2 124 0
200 1 123 10
200 2 1 0
200 1 62 0
300 2 19 0
200 1 59 5
200 2 9 0
200 1 108 5
200 2 142 0
200 1 59 0
200 2 6 0
200 1 86 0
200 2 84 0
200 1 34 0
200 2 73 5
200 1 139 6
200 2 70 0
200 1 106 0
200 2 50 0
200 1 10 0
200 2 80 0
200 1 93 0
200 2 144 0
200 1 24 0
200 2 39 0
200 1 120 0
200 2 109 0
200 1 65 0
200 2 131 0
200 1 9 0
200 2 141 5
200 1 34 0
200 2 47 5
200 1 49 0
200 2 11 9
200 1 122 0
200 2 82 9
200 1 122 0
200 2 56 0
200 1 67 7
200 2 106 0
200 1 129 0
200 2 2 0
200 1 27 0
200 2 25 0
200 1 32 5
200 2 112 7
200 1 40 0
200 2 89 6
200 1 58 5
200 2 104 0
200 1 21 0
200 2 4 0
200 1 67 0
400 1 215 218
200 2 0 10
200 1 122 10
200 2 137 5
200 1 1 0
200 2 102 0
200 1 78 0
200 2 41 0
200 1 59 0
200 2 102 0
200 1 82 0
200 2 110 5
200 1 97 5
200 2 81 10
200 1 145 0
200 2 99 0
200 1 64 5
200 2 27 0
200 1 110 0
200 2 80 0
200 1 147 0
200 2 117 0
200 1 130 0
200 2 137 0
200 1 18 5
300 2 75 0
300 1 37 0
200 2 73 0
200 1 31 0
200 2 25 0
400 1 224 230
200 1 36 5
200 2 25 0
200 1 126 10
200 2 89 0
200 1 1 0
200 2 72 0
200 1 14 0
200 2 144 5
200 1 65 0
200 2 101 0
200 1 120 0
200 2 137 5
200 1 42 0
200 2 23 5
200 1 141 0
200 2 104 10
200 1 125 0
200 2 106 0
200 1 120 0
200 2 132 0
300 1 115 5
200 2 103 5
200 1 133 0
200 2 9 0
200 1 11 7
200 2 20 0
200 1 61 0
200 2 145 0
300 1 89 7
200 2 23 0
200 1 97 5
200 2 66 0
200 1 90 0
200 2 30 0
200 1 72 0
200 2 84 0
200 1 17 0
200 2 13 0
200 1 33 10
200 2 125 0
200 1 145 0
200 2 4 0
400 1 237 248
200 1 78 0
200 2 116 5
200 1 40 0
200 2 25 5
200 1 95 0
200 2 98 0
200 1 20 0
200 2 32 5
400 1 249 245
200 1 130 0
200 2 38 0
200 1 0 0
200 2 84 0
300 1 7 0
200 2 92 0
200 1 145 0
200 2 105 5
200 1 68 0
200 2 80 0
200 1 77 0
200 2 22 0
200 1 69 6
200 2 16 0
200 1 100 0
200 2 56 0
200 1 25 0
400 1 268 263
200 2 123 0
200 1 38 0
200 2 143 0
200 1 33 0
200 2 32 0
300 1 144 23
200 2 94 0
200 1 44 0
400 1 265 264
200 2 46 0
200 1 9 0
200 2 98 0
200 1 55 0
200 2 37 10
200 1 59 0
200 2 52 0
200 1 134 5
200 2 121 5
200 1 54 0
200 2 38 0
200 1 69 0
200 2 17 0
200 1 89 0
200 2 28 0
200 1 0 0
200 2 82 9
200 1 105 0
200 2 75 5
200 1 58 5
200 2 117 0
200 1 70 5
200 2 143 0
200 1 64 0
200 2 107 5
400 1 271 269
200 1 31 0
200 2 43 0
200 1 79 11
200 2 128 0
200 1 28 0
200 2 126 11
200 1 95 0
200 2 111 0
200 1 45 0
200 2 39 0
200 1 3 0
200 2 107 0
200 1 82 0
200 2 11 14
300 1 111 8
200 2 128 0
200 1 105 0
200 2 30 15
200 1 36 5
200 2 67 0
200 1 80 5
200 2 51 0
400 2 247 253
200 1 135 0
200 2 20 0
200 1 111 0
200 2 65 0
200 1 68 0
200 2 91 0
200 1 92 0
300 2 78 5
200 1 53 0
200 2 137 5
200 1 101 0
200 2 81 0
200 1 129 0
200 2 67 0
200 1 126 0
200 2 124 0
200 1 118 0
200 2 75 0
400 2 272 269
200 1 108 0
200 2 15 0
200 1 49 0
200 2 66 5
200 1 17 0
200 2 0 0
200 1 43 0
200 2 73 0
200 1 25 0
200 2 19 0
200 1 123 5
200 2 64 0
200 1 115 0
200 2 80 0
200 1 91 5
200 2 84 0
200 1 21 0
200 2 122 0
200 1 108 5
200 2 81 5
200 1 49 0
200 2 50 0
200 1 28 0
200 2 43 0
200 1 96 5
200 2 108 0
200 1 54 5
200 2 44 5
200 1 50 0
200 2 29 0
200 1 141 0
200 2 22 0
200 1 26 6
200 2 7 10
200 1 13 0
200 2 120 10
200 1 87 15
200 2 21 0
200 1 14 0
400 0 286 279
200 2 107 0
200 1 25 0
400 0 289 282
200 2 46 0
300 1 145 0
200 2 15 0
200 1 17 0
200 2 55 7
200 1 12 22
200 2 136 0
200 1 65 5
200 2 70 0
200 1 13 0
200 2 94 0
200 1 3 0
200 2 82 0
200 1 14 5
200 2 67 5
200 1 28 0
200 2 25 0
200 1 119 5
200 2 87 9
200 1 3 5
200 2 137 0
200 1 96 0
200 2 92 5
200 1 54 5
200 2 98 5
200 1 45 0
200 2 135 0
200 1 73 5
200 2 78 0
300 1 88 0
200 2 114 5
200 1 67 0
200 2 78 5
200 1 50 0
400 1 282 280
200 2 116 0
200 1 17 0
200 2 9 0
200 1 0 0
200 2 30 0
200 1 107 5
200 2 110 0
200 1 43 0
200 2 60 0
200 1 12 0
200 2 95 0
200 1 58 0
200 2 147 0
200 1 69 0
200 2 103 0
200 1 63 0
200 2 56 0
200 1 103 0
200 2 95 0
200 1 144 0
200 2 5 0
200 1 105 0
200 2 37 18
200 1 67 22
200 2 134 0
200 1 48 5
200 2 33 0
200 1 84 0
200 2 2 0
200 1 61 0
200 2 40 0
200 1 46 0
200 2 11 0
200 1 142 5
200 2 93 5
200 1 65 0
200 2 4 0
200 1 85 0
300 2 116 0
200 1 19 0
300 2 34 0
200 1 105 5
200 2 112 0
200 1 140 0
200 2 13 0
200 1 23 0
200 2 71 10
200 1 74 0
200 2 59 0
200 1 76 0
200 2 0 0
200 1 80 0
200 2 69 0
200 1 19 6
200 2 3 5
200 1 94 5
200 2 29 0
200 1 113 0
200 2 71 0
200 1 54 0
200 2 0 0
200 1 84 0
200 2 84 0
200 1 62 6
200 2 64 0
200 1 1 0
200 2 80 0
200 1 146 0
200 2 141 0
200 1 93 0
200 2 5 0
200 1 91 0
200 2 144 0
200 1 74 0
200 2 14 5
200 1 25 0
200 2 8 6
200 1 29 0
200 2 116 7
200 1 20 0
200 2 124 0
200 1 95 0
200 2 7 0
200 1 137 0
200 2 84 0
200 1 64 0
200 2 105 0
200 1 63 0
200 2 12 0
200 1 135 0
200 2 30 0
200 1 127 5
200 2 94 5
200 1 108 0
200 2 141 0
200 1 29 0
200 2 88 0
200 1 122 0
200 2 98 5
200 1 88 5
200 2 44 0
200 1 9 0
200 2 48 5
200 1 126 5
200 2 22 5
200 1 35 0
200 2 37 0
200 1 59 7
200 2 147 0
400 1 343 347
200 1 68 5
200 2 3 5
200 1 106 0
200 2 55 0
300 1 136 5
200 2 69 5
200 1 93 0
200 2 82 0
300 1 14 0
200 2 143 5
200 1 89 0
200 2 135 0
200 1 65 0
300 2 68 27
200 1 10 0
200 2 121 6
200 1 28 16
200 2 100 0
200 1 124 0
200 2 141 5
200 1 113 0
200 2 70 0
200 1 78 0
200 2 115 0
300 1 61 0
200 2 110 0
200 1 109 5
400 2 328 319
200 2 52 0
200 1 43 0
200 2 124 0
200 1 81 0
200 2 116 0
200 1 100 0
200 2 132 5
200 1 63 0
200 2 109 0
200 1 98 0
200 2 114 10
200 1 46 0
200 2 120 0
200 1 142 0
200 2 112 0
200 1 60 0
200 2 106 0
200 1 122 0
200 2 15 0
300 1 18 0
200 2 58 5
200 1 110 0
200 2 76 0
200 1 81 0
200 2 144 0
200 1 113 0
400 2 366 336
200 2 133 5
200 1 92 5
200 2 9 0
200 1 44 0
200 2 124 0
200 1 126 0
300 2 134 0
200 1 35 0
200 2 44 0
200 1 4 0
200 2 38 5
200 1 73 5
200 2 94 0
200 1 108 0
200 2 76 0
200 1 67 0
200 2 97 0
200 1 144 5
200 2 132 0
200 1 100 0
200 2 84 0
200 1 108 5
200 2 57 0
200 1 79 0
200 2 52 5
200 1 67 0
200 2 115 0
200 1 40 0
200 2 142 7
200 1 62 5
200 2 118 0
200 1 116 0
200 2 66 0
200 1 7 5
200 2 86 0
200 1 71 0
200 2 66 0
200 1 28 0
200 2 140 0
200 1 35 18
200 2 12 6
200 1 66 7
200 2 33 6
200 1 95 0
200 2 89 0
200 1 75 0
200 2 118 5
200 1 21 5
200 2 98 0
200 1 82 0
200 2 136 0
200 1 92 6
200 2 121 9
200 1 46 0
200 2 12 0
200 1 64 0
200 2 1 0
200 1 57 0
200 2 113 0
400 2 381 349
200 1 23 0
200 2 93 0
200 1 83 0
200 2 33 0
200 1 80 0
200 2 70 0
200 1 105 0
200 2 22 0
200 1 86 0
200 2 19 11
200 1 119 0
200 2 98 0
200 1 127 5
200 2 41 0
200 1 134 0
200 2 125 5
200 1 81 15
200 2 98 0
200 1 134 0
200 2 105 0
200 1 9 0
200 2 83 9
400 2 394 357
200 1 80 0
400 2 397 357
200 2 86 0
200 1 43 0
200 2 33 5
200 1 45 0
300 2 63 5
200 1 85 21
200 2 127 0
200 1 54 0
400 2 385 335
200 2 77 5
200 1 99 0
200 2 66 10
200 1 18 0
200 2 138 10
200 1 114 5
200 2 21 0
200 1 13 0
200 2 21 0
400 2 382 325
200 1 91 5
200 2 55 0
200 1 0 0
200 2 8 0
200 1 95 0
200 2 142 5
200 1 133 0
200 2 70 0
200 1 48 0
200 2 61 0
200 1 45 5
200 2 38 0
200 1 51 0
200 2 45 0
200 1 142 0
200 2 52 0
200 1 124 0
200 2 4 0
200 1 110 11
200 2 55 0
200 1 30 9
200 2 18 0
200 1 48 5
200 2 114 0
200 1 115 0
200 2 68 0
200 1 77 0
200 2 10 7
200 1 118 5
200 2 34 0
200 1 24 5
200 2 15 0
200 1 75 5
200 2 27 0
200 1 134 0
200 2 99 5
200 1 139 0
200 2 8 6
200 1 61 6
200 2 92 0
200 1 89 6
200 2 141 0
200 1 18 0
200 2 50 0
200 1 135 9
200 2 75 0
200 1 28 0
300 2 26 24
200 1 109 0
200 2 147 0
200 1 99 0
200 2 122 0
200 1 142 0
200 2 29 0
300 1 55 0
200 2 59 11
300 1 93 10
200 2 97 0
200 1 88 0
200 2 124 5
200 1 80 5
200 2 21 5
200 1 132 0
200 2 80 0
200 1 38 0
200 2 43 0
200 1 134 5
200 2 13 0
200 1 102 18
200 2 42 0
200 1 93 5
200 2 143 0
200 1 9 0
200 2 47 0
300 1 63 0
200 2 12 0
200 1 129 5
400 1 355 338
200 2 23 5
200 1 51 0
200 2 128 0
200 1 108 9
200 2 1 0
200 1 30 0
200 2 37 5
200 1 102 11
400 1 347 335
200 2 21 5
200 1 100 0
200 2 42 0
200 1 19 0
200 2 102 0
200 1 93 0
200 2 135 0
200 1 103 0
200 2 15 0
200 1 52 16
200 2 141 0
200 1 56 0
200 2 78 5
200 1 62 0
200 2 60 0
200 1 33 0
200 2 61 0
200 1 122 0
200 2 84 0
200 1 79 0
200 2 67 0
200 1 139 0
200 2 103 0
200 1 136 0
200 2 73 0
200 1 43 0
200 2 27 0
200 1 130 0
200 2 99 0
200 1 103 0
200 2 141 0
200 1 123 0
200 2 89 0
200 1 130 0
200 2 38 0
200 1 114 0
200 2 117 6
200 1 54 6
200 2 9 0
200 1 116 0
200 2 80 0
200 1 28 0
200 2 144 0
200 1 8 0
200 2 9 0
200 1 108 0
200 2 22 0
200 1 40 10
200 2 89 0
300 1 0 0
200 2 93 0
300 1 140 0
200 2 32 0
200 1 91 0
200 2 101 5
200 1 85 0
200 2 54 5
200 1 122 0
200 2 137 0
200 1 107 5
200 2 45 0
200 1 76 7
200 2 44 0
200 1 26 0
200 2 10 0
300 1 132 27
200 2 107 0
200 1 2 0
200 2 70 5
200 1 87 0
200 2 101 0
200 1 43 0
200 2 107 0
200 1 85 5
200 2 122 0
200 1 28 0
200 2 84 0
200 1 140 0
200 2 49 0
200 1 111 0
200 2 93 0
200 1 76 0
200 2 139 5
200 1 21 0
200 2 58 0
200 1 6 18
200 2 145 0
200 1 136 0
200 2 65 0
200 1 74 0
200 2 90 5
200 1 15 0
200 2 50 0
200 1 47 0
200 2 140 0
200 1 26 9
200 2 63 5
200 1 12 5
200 2 125 0
200 1 103 6
200 2 116 0
200 1 14 0
200 2 11 5
200 1 76 5
200 2 137 0
200 1 34 5
200 2 16 16
200 1 82 0
200 2 94 0
400 1 364 356
200 1 32 0
200 2 63 6
200 1 85 0
200 2 106 0
200 1 136 0
200 2 99 0
200 1 141 0
200 2 42 0
200 1 40 0
200 2 91 0
200 1 37 0
200 2 120 0
200 1 2 0
200 2 102 5
200 1 22 0
200 2 139 0
200 1 56 5
200 2 0 0
200 1 34 0
200 2 89 0
200 1 141 0
200 2 84 0
200 1 80 6
200 2 72 0
200 1 85 5
200 2 87 5
200 1 79 0
200 2 66 0
200 1 91 0
200 2 84 0
200 1 35 0
200 2 87 0
200 1 22 0
200 2 58 0
200 1 68 0
200 2 11 6
200 1 23 0
200 2 107 5
200 1 134 0
200 2 48 0
200 1 146 5
200 2 11 5
200 1 95 0
200 2 24 0
200 1 147 0
200 2 33 0
200 1 11 0
200 2 55 6
200 1 61 0
200 2 35 0
200 1 109 0
200 2 48 5
200 1 91 0
200 2 0 0
200 1 27 0
200 2 38 0
200 1 107 0
200 2 125 0
200 1 63 0
200 2 117 0
200 1 81 0
200 2 20 0
200 1 31 10
200 2 128 0
200 1 117 0
200 2 65 0
200 1 74 0
200 2 53 0
200 1 124 0
200 2 121 0
200 1 40 15
200 2 35 0
200 1 106 9
400 1 415 416
200 2 17 0
200 1 56 0
200 2 124 0
200 1 91 0
200 2 31 0
200 1 31 0
300 2 49 22
200 1 88 0
200 2 107 0
200 1 44 0
200 2 51 0
200 1 85 0
200 2 121 5
200 1 78 5
200 2 73 0
200 1 133 6
200 2 21 0
200 1 130 0
200 2 102 5
200 1 143 0
200 2 74 5
200 1 137 0
200 2 121 5
200 1 34 0
200 2 8 0
200 1 0 0
200 2 3 0
200 1 19 6
200 2 88 0
200 1 90 0
200 2 132 0
200 1 7 0
200 2 25 0
200 1 106 0
200 2 113 0
200 1 33 0
200 2 124 5
400 1 445 430
200 1 54 0
200 2 67 5
200 1 48 0
200 2 83 0
200 1 135 5
200 2 95 5
200 1 36 0
200 2 11 0
200 1 58 5
200 2 17 0
200 1 13 0
200 2 35 0
200 1 110 0
200 2 74 5
200 1 85 0
200 2 80 0
400 1 459 439
200 1 23 0
200 2 105 0
200 1 88 5
400 1 460 442
200 2 26 0
200 1 6 0
200 2 22 0
200 1 21 0
300 2 145 12
200 1 146 0
200 2 38 6
200 1 86 0
200 2 107 0
200 1 78 0
200 2 18 5
200 1 98 0
200 2 96 0
200 1 36 5
200 2 66 5
200 1 70 15
200 2 111 0
200 1 54 0
200 2 147 0
200 1 2 5
200 2 26 0
300 1 23 0
300 2 27 29
200 1 21 0
200 2 83 20
200 1 12 0
200 2 89 0
200 1 32 0
200 2 41 10
200 1 111 0
400 1 422 402
200 2 81 0
200 1 127 0
200 2 37 0
300 1 136 0
200 2 126 16
200 1 16 0
200 2 16 5
400 2 419 393
200 1 22 0
200 2 34 5
200 1 117 6
200 2 111 0
200 1 40 10
200 2 129 0
200 1 112 0
200 2 143 0
200 1 37 5
200 2 112 0
400 1 413 403
200 1 49 0
200 2 51 0
200 1 4 5
200 2 92 0
200 1 30 0
200 2 46 0
200 1 116 0
200 2 87 0
400 1 420 400
200 1 81 0
300 2 147 0
200 1 52 0
200 2 54 0
200 1 39 0
200 2 105 0
200 1 126 5
200 2 4 0
200 1 96 0
200 2 52 15
200 1 101 0
200 2 34 0
200 1 7 0
200 2 2 0
200 1 139 0
300 2 100 0
200 1 115 6
200 2 102 0
200 1 28 5
200 2 62 0
200 1 38 0
200 2 70 6
200 1 40 9
200 2 70 0
200 1 93 0
200 2 39 0
200 1 43 0
200 2 81 0
200 1 100 0
200 2 124 0
200 1 119 0
200 2 68 0
200 1 92 12
200 2 54 0
200 1 117 0
400 1 427 419
400 1 427 419
200 2 2 0
200 1 126 0
200 2 120 0
200 1 16 0
200 2 87 0
200 1 121 5
200 2 7 0
200 1 122 0
200 2 123 0
200 1 11 0
200 2 81 11
200 1 133 15
200 2 59 0
200 1 72 0
200 2 122 0
200 1 49 10
200 2 26 0
200 1 8 0
400 1 424 430
200 2 91 0
200 1 74 0
400 1 427 433
200 2 56 0
200 1 142 0
300 2 27 0
200 1 45 0
200 2 3 0
200 1 37 0
200 2 98 0
200 1 18 5
200 2 27 5
200 1 50 0
300 2 64 21
300 1 137 13
200 2 24 0
200 1 65 0
200 2 18 0
200 1 125 0
200 2 26 5
200 1 12 10
200 2 143 5
200 1 91 0
200 2 60 5
200 1 102 0
200 2 61 0
200 1 67 0
200 2 143 0
200 1 77 0
200 2 108 0
300 1 64 6
200 2 29 0
200 1 31 5
200 2 64 0
200 1 92 0
200 2 85 0
200 1 113 0
200 2 19 0
200 1 95 0
200 2 46 0
200 1 40 0
200 2 14 0
200 1 62 0
300 2 58 0
200 1 75 11
200 2 52 0
200 1 114 0
200 2 9 0
200 1 97 9
200 2 51 0
200 1 132 0
200 2 96 5
200 1 29 5
200 2 30 5
200 1 44 5
200 2 50 5
200 1 15 0
200 2 130 0
200 1 51 0
200 2 77 0
200 1 17 0
200 2 9 0
200 1 94 0
200 2 46 0
200 1 102 0
200 2 103 5
200 1 147 0
200 2 102 0
200 1 73 0
200 2 99 14
200 1 37 6
400 1 413 444
200 2 73 0
200 1 5 0
200 2 26 0
200 1 39 0
200 2 138 0
200 1 0 0
200 2 131 0
200 1 25 0
300 2 62 0
200 1 37 0
200 2 83 0
200 1 26 0
200 2 29 0
200 1 51 0
200 2 17 0
200 1 109 32
200 2 120 0
200 1 103 0
200 2 88 13
200 1 115 0
200 2 141 0
200 1 80 0
200 2 135 6
200 1 36 14
200 2 90 10
200 1 5 10
300 2 6 0
200 1 74 0
200 2 98 0
200 1 131 0
200 2 80 10
200 1 42 0
200 2 100 5
200 1 57 0
200 2 140 0
200 1 49 5
200 2 49 0
200 1 76 0
200 2 39 0
200 1 10 0
200 2 146 0
200 1 78 0
300 2 90 0
200 1 76 7
200 2 78 0
200 1 26 0
200 2 52 0
200 1 114 0
200 2 95 0
200 1 25 0
200 2 115 0
200 1 100 5
200 2 38 0
200 1 79 11
200 2 128 0
200 1 89 0
200 2 144 0
200 1 17 0
200 2 91 0
200 1 104 0
200 2 54 0
200 1 41 5
200 2 116 0
300 1 114 24
200 2 56 5
200 1 75 0
200 2 147 0
200 1 55 0
200 2 50 0
200 1 87 11
200 2 90 5
200 1 72 0
200 2 59 0
400 1 370 463
200 1 79 0
200 2 76 0
200 1 59 0
200 2 39 0
200 1 82 0
200 2 120 5
200 1 94 5
200 2 98 0
200 1 57 0
200 2 147 0
200 1 6 0
200 2 85 0
200 1 97 0
200 2 83 5
200 1 16 0
300 2 35 18
200 1 141 0
200 2 44 0
200 1 96 0
200 2 86 0
200 1 73 0
200 2 52 5
200 1 117 0
200 2 21 0
200 1 19 0
200 2 42 5
200 1 66 5
200 2 21 0
400 1 391 465
200 1 122 0
200 2 15 0
200 1 65 0
200 2 78 0
200 1 8 15
200 2 125 0
200 1 126 0
200 2 139 0
200 1 4 0
200 2 39 0
200 1 114 0
200 2 18 0
200 1 139 0
200 2 61 0
200 1 145 0
200 2 22 0
200 1 18 0
200 2 47 6
200 1 84 0
200 2 56 0
200 1 45 0
300 2 62 0
200 1 43 0
200 2 89 22
200 1 27 5
200 2 9 0
200 1 78 0
200 2 139 0
200 1 78 0
200 2 23 0
200 1 74 10
200 2 5 0
200 1 35 0
200 2 145 6
200 1 107 0
400 1 395 469
200 2 136 0
200 1 33 0
200 2 54 0
200 1 84 5
200 2 3 0
200 1 23 0
200 2 111 0
200 1 30 5
200 2 103 0
200 1 116 0
200 2 19 5
200 1 100 0
200 2 20 9
200 1 27 0
200 2 106 0
200 1 146 0
200 2 14 5
200 1 69 0
200 2 63 0
200 1 41 14
200 2 7 12
200 1 61 0
200 2 25 10
200 1 63 9
200 2 136 0
200 1 74 0
200 2 17 0
200 1 27 5
200 2 67 0
200 1 49 0
200 2 26 5
200 1 139 0
200 2 136 26
200 1 47 0
300 2 99 0
200 1 48 0
200 2 130 0
400 1 365 425
200 1 51 0
200 2 86 0
200 1 82 6
200 2 68 0
200 1 119 5
200 2 66 5
200 1 65 0
200 2 63 0
200 1 51 0
200 2 91 10
200 1 142 0
200 2 95 0
200 1 134 20
200 2 17 0
200 1 110 0
200 2 10 0
300 1 9 14
200 2 34 0
200 1 88 0
200 2 75 0
200 1 34 0
200 2 92 15
200 1 33 0
200 2 78 0
200 1 1 0
200 2 69 0
200 1 41 0
200 2 47 0
400 1 356 415
200 1 53 0
200 2 147 0
200 1 91 0
200 2 33 0
200 1 69 0
200 2 50 0
300 1 7 10
300 2 144 0
200 1 4 0
400 1 363 414
200 2 3 5
200 1 34 0
200 2 92 0
200 1 110 0
200 2 78 0
200 1 40 0
200 2 30 6
200 1 120 0
200 2 78 0
200 1 17 0
200 2 15 0
200 1 51 0
200 2 127 0
200 1 52 14
200 2 74 0
400 1 370 408
200 1 119 0
200 2 48 0
200 1 8 0
200 2 79 5
200 1 65 0
200 2 46 5
200 1 137 0
200 2 44 0
200 1 75 0
200 2 97 0
200 1 121 0
200 2 40 0
200 1 32 9
200 2 98 0
200 1 97 0
200 2 92 0
200 1 64 12
200 2 128 5
200 1 20 5
200 2 95 5
200 1 84 0
300 2 113 8
200 1 16 0
200 2 56 0
200 1 45 6
200 2 30 0
200 1 108 0
200 2 81 0
200 1 5 8
200 2 47 0
200 1 88 0
200 2 109 5
200 1 71 5
200 2 93 0
200 1 147 0
200 2 125 9
200 1 64 0
200 2 5 0
200 1 38 0
200 2 12 5
200 1 42 5
200 2 117 14
200 1 30 0
200 2 110 0
200 1 108 5
200 2 129 5
200 1 92 0
200 2 43 16
200 1 138 0
200 2 87 0
200 1 18 0
300 2 143 0
200 1 126 0
200 2 34 0
200 1 65 0
200 2 28 0
200 1 11 0
200 2 97 0
200 1 117 6
200 2 129 0
200 1 101 0
200 2 116 0
200 1 65 5
200 2 42 0
200 1 65 5
200 2 47 5
200 1 127 0
200 2 53 0
200 1 95 5
200 2 62 0
200 1 66 5
200 2 75 5
200 1 137 0
200 2 29 5
200 1 138 12
200 2 104 0
200 1 89 0
200 2 141 0
200 1 47 0
200 2 42 0
300 1 110 0
200 2 50 0
200 1 38 0
400 1 384 397
200 2 65 0
300 1 63 0
200 2 59 0
200 1 124 5
200 2 43 6
200 1 81 0
200 2 143 0
200 1 121 6
200 2 106 10
200 1 30 0
200 2 9 0
200 1 113 0
200 2 58 0
200 1 122 0
200 2 78 0
200 1 84 0
200 2 15 0
200 1 53 0
400 1 392 408
200 2 109 0
200 1 39 0
400 1 395 411
200 2 120 0
200 1 4 10
200 2 124 0
200 1 40 0
200 2 77 5
200 1 40 10
200 2 113 0
200 1 22 5
300 2 10 0
200 1 5 0
200 2 67 0
200 1 14 11
200 2 96 5
200 1 80 0
200 2 142 0
200 1 69 0
200 2 108 0
200 1 131 0
200 2 56 0
200 1 32 5
200 2 118 0
200 1 141 0
200 2 66 5
200 1 96 0
200 2 143 6
200 1 16 0
200 2 86 5
200 1 106 0
200 2 118 0
200 1 78 0
200 2 46 0
200 1 98 6
200 2 40 0
200 1 80 0
200 2 65 0
200 1 113 0
200 2 102 0
300 1 63 0
200 2 121 0
200 1 73 0
200 2 63 5
200 1 146 0
200 2 5 0
200 1 44 0
200 2 113 20
200 1 91 0
400 1 404 415
200 2 143 0
200 1 72 5
200 2 88 0
200 1 30 0
200 2 76 0
200 1 102 0
200 2 113 0
200 1 77 5
200 2 71 5
200 1 88 0
200 2 105 10
200 1 105 0
200 2 84 0
200 1 60 0
200 2 135 0
200 1 138 10
200 2 82 0
200 1 58 0
200 2 26 0
200 1 80 0
200 2 46 10
200 1 69 0
200 2 2 5
200 1 138 0
400 1 420 412
200 2 105 5
200 1 47 20
200 2 116 5
200 1 81 9
300 2 50 0
200 1 118 0
200 2 72 6
200 1 47 0
200 2 83 0
200 1 125 14
200 2 26 11
200 1 141 0
200 2 112 0
200 1 62 0
200 2 29 0
200 1 82 0
200 2 60 0
200 1 39 0
300 2 54 0
200 1 61 0
200 2 78 0
200 1 124 0
200 2 61 0
200 1 118 0
200 2 135 0
200 1 61 0
200 2 34 0
200 1 8 0
200 2 18 0
200 1 76 5
200 2 34 0
200 1 1 0
200 2 133 0
200 1 89 0
400 1 416 420
200 2 106 0
200 1 142 0
200 2 4 0
200 1 4 5
200 2 8 11
200 1 41 0
200 2 80 0
300 1 27 10
200 2 119 6
200 1 21 0
200 2 38 0
200 1 45 0
200 2 55 0
200 1 108 0
200 2 45 0
200 1 106 0
200 2 67 0
200 1 14 0
400 1 427 428
200 2 102 0
200 1 12 7
200 2 29 0
200 1 29 0
200 2 50 0
200 1 9 0
200 2 26 0
200 1 8 0
200 2 105 0
200 1 22 0
200 2 145 0
200 1 65 20
200 2 105 10
200 1 75 0
200 2 40 0
300 1 52 10
200 2 41 5
200 1 80 0
200 2 121 0
200 1 119 0
200 2 55 10
200 1 20 14
200 2 119 0
200 1 132 0
200 2 80 0
200 1 47 0
200 2 133 0
200 1 28 0
200 2 110 6
200 1 93 0
200 2 22 0
200 1 6 6
200 2 94 0
200 1 137 0
200 2 70 0
200 1 95 0
200 2 64 5
200 1 100 0
200 2 20 0
200 1 37 0
200 2 71 5
200 1 43 23
200 2 64 0
200 1 130 0
200 2 81 0
200 1 89 9
200 2 19 10
200 1 60 5
200 2 71 0
200 1 141 0
300 2 67 0
200 1 4 0
200 2 1 6
200 1 110 0
200 2 49 0
200 1 16 0
200 2 44 0
200 1 140 5
200 2 135 14
200 1 133 0
200 2 24 5
200 1 8 0
200 2 66 0
200 1 5 5
200 2 80 0
200 1 95 0
200 2 85 0
300 1 41 17
400 1 393 377
200 2 39 0
200 1 144 0
200 2 72 8
200 1 134 0
200 2 60 0
200 1 82 0
300 2 119 13
200 1 33 0
200 2 130 0
300 1 5 5
200 2 26 5
200 1 65 0
200 2 114 5
200 1 86 0
200 2 21 0
200 1 48 5
200 2 64 0
200 1 34 5
200 2 54 0
200 1 32 0
200 2 88 0
200 1 52 0
200 2 37 0
200 1 99 5
200 2 37 0
200 1 123 5
200 2 51 5
200 1 61 0
200 2 46 5
200 1 118 0
200 2 22 0
200 1 142 0
200 2 145 0
200 1 101 10
200 2 31 0
200 1 92 0
200 2 64 0
200 1 40 0
200 2 105 0
400 1 410 389
200 1 1 0
200 2 34 5
200 1 49 0
200 2 138 0
200 1 16 0
200 2 10 0
200 1 124 0
200 2 120 0
200 1 108 0
200 2 82 0
200 1 75 0
200 2 13 0
200 1 117 0
400 1 431 402
300 2 103 9
200 1 147 0
200 2 130 0
200 1 115 0
200 2 26 0
200 1 1 0
200 2 68 0
200 1 128 0
200 2 98 0
200 1 37 0
200 2 84 0
200 1 130 0
200 2 28 5
200 1 137 0
200 2 45 0
300 1 30 10
200 2 131 0
200 1 5 7
200 2 127 0
200 1 3 0
200 2 30 0
200 1 38 0
200 2 78 30
200 1 113 0
200 2 7 0
200 1 95 0
200 2 127 0
200 1 15 10
200 2 14 11
200 1 103 0
200 2 107 0
200 1 110 0
200 2 100 0
200 1 4 7
200 2 10 0
200 1 76 5
300 2 142 0
200 1 4 0
400 1 433 395
200 2 6 0
300 1 70 0
200 2 67 5
200 1 53 0
200 2 75 0
200 1 110 0
200 2 26 0
200 1 30 0
200 2 117 0
200 1 112 11
200 2 94 0
200 1 113 0
200 2 24 5
200 1 41 5
200 2 131 0
200 1 19 8
200 2 47 0
200 1 136 32
200 2 113 0
200 1 86 0
200 2 9 5
200 1 141 5
200 2 11 6
200 1 104 0
200 2 131 0
200 1 79 6
200 2 93 0
200 1 104 14
200 2 94 0
200 1 123 0
200 2 145 0
200 1 46 5
200 2 20 0
200 1 37 0
200 2 16 0
200 1 55 10
200 2 117 0
200 1 13 0
200 2 102 0
200 1 34 0
200 2 76 0
200 1 14 0
200 2 79 0
200 1 35 11
200 2 57 0
200 1 97 0
200 2 119 5
200 1 72 0
400 1 395 398
200 2 9 0
200 1 2 5
300 2 97 23
200 1 83 6
200 2 68 0
200 1 6 5
200 2 27 0
300 1 104 0
200 2 6 5
200 1 145 0
400 1 369 386
200 2 125 0
200 1 143 14
200 2 14 0
400 1 358 386
200 1 46 0
200 2 139 0
200 1 11 5
200 2 35 5
200 1 99 0
200 2 7 0
200 1 92 0
200 2 47 0
200 1 43 0
200 2 80 0
200 1 43 0
200 2 137 0
200 1 109 0
200 2 119 0
200 1 113 0
200 2 29 0
200 1 11 0
200 2 144 0
200 1 125 0
200 2 111 0
200 1 34 0
200 2 125 0
200 1 24 0
200 2 96 0
200 1 143 0
200 2 113 0
200 1 25 0
200 2 36 5
200 1 91 0
200 2 64 0
200 1 9 0
200 2 41 0
200 1 119 6
200 2 44 0
200 1 53 0
300 2 126 0
200 1 79 0
200 2 123 9
200 1 83 0
200 2 112 0
200 1 84 0
200 2 92 0
200 1 42 9
200 2 45 0
200 1 60 0
200 2 35 0
200 1 17 0
200 2 89 0
200 1 129 0
200 2 129 0
200 1 105 5
200 2 58 0
200 1 16 0
200 2 111 0
200 1 70 10
200 2 138 0
200 1 115 0
200 2 125 0
200 1 147 0
200 2 116 0
200 1 109 5
200 2 38 5
200 1 45 0
200 2 140 0
200 1 145 0
200 2 86 12
200 1 143 0
200 2 34 0
200 1 38 0
300 2 52 0
200 1 75 0
200 2 38 0
200 1 117 0
200 2 42 0
200 1 42 0
200 2 139 9
200 1 23 6
200 2 57 0
200 1 144 5
200 2 77 0
400 1 405 434
200 1 69 0
200 2 125 10
200 1 2 0
200 2 1 0
200 1 77 6
200 2 129 6
200 1 129 0
200 2 78 0
200 1 23 0
200 2 75 0
200 1 120 0
200 2 83 0
200 1 27 0
200 2 55 0
200 1 49 0
200 2 26 0
400 1 412 442
200 1 25 0
200 2 84 0
200 1 132 0
400 1 418 445
200 2 27 6
400 1 418 442
200 1 55 0
200 2 10 0
200 1 131 0
200 2 73 0
200 1 9 15
200 2 82 5
200 1 117 0
200 2 52 0
200 1 31 0
200 2 115 14
200 1 105 0
200 2 56 6
200 1 14 0
300 2 138 0
200 1 34 0
200 2 65 0
200 1 12 0
200 2 17 0
200 1 33 0
200 2 55 5
200 1 34 0
300 2 133 10
200 1 130 0
200 2 16 5
300 1 72 13
200 2 115 0
200 1 127 10
200 2 24 0
200 1 78 0
400 1 427 407
200 2 73 0
200 1 21 7
200 2 64 0
200 1 86 0
200 2 45 0
200 1 120 0
300 2 84 0
200 1 21 0
200 2 48 18
200 1 9 0
200 2 12 5
200 1 75 0
200 2 16 0
200 1 58 0
200 2 79 0
200 1 97 0
300 2 61 0
200 1 70 0
200 2 141 5
200 1 141 16
200 2 137 0
200 1 14 5
200 2 138 10
200 1 144 0
200 2 73 0
300 1 69 5
200 2 112 9
200 1 17 0
200 2 38 0
200 1 132 0
300 2 83 0
200 1 40 0
200 2 103 0
200 1 46 0
200 2 22 0
200 1 135 5
200 2 113 0
200 1 14 5
200 2 77 0
200 1 4 0
200 2 52 0
200 1 83 0
200 2 98 0
200 1 51 7
200 2 35 0
200 1 26 0
200 2 9 0
200 1 69 0
200 2 48 0
200 1 34 0
200 2 94 0
200 1 97 0
400 1 444 411
200 2 51 0
200 1 79 6
200 2 26 0
200 1 1 6
200 2 21 0
200 1 69 10
200 2 130 0
200 1 29 6
200 2 112 0
300 1 66 29
200 2 114 14
200 1 68 0
200 2 53 0
200 1 27 0
200 2 108 0
200 1 111 5
200 2 39 0
200 1 37 0
200 2 97 12
200 1 110 0
200 2 10 0
200 1 23 0
200 2 70 0
200 1 143 6
200 2 30 0
200 1 76 16
200 2 111 0
200 1 134 0
200 2 37 0
200 1 26 0
400 1 399 371
200 2 116 0
200 1 3 6
200 2 26 0
400 1 396 377
200 1 45 0
200 2 60 0
200 1 118 0
200 2 91 0
400 1 402 383
200 1 133 0
200 2 95 0
200 1 84 0
200 2 30 0
200 1 2 0
200 2 27 6
200 1 145 0
200 2 19 0
200 1 79 0
200 2 115 0
200 1 1 0
200 2 85 5
200 1 69 5
200 2 94 5
200 1 87 6
200 2 114 10
200 1 133 10
200 2 133 0
200 1 112 0
200 2 0 0
200 1 141 5
200 2 104 10
200 1 0 5
200 2 2 0
200 1 29 0
200 2 134 0
200 1 67 0
200 2 26 0
200 1 96 0
200 2 124 5
200 1 6 5
200 2 24 0
200 1 122 0
200 2 127 0
200 1 120 5
400 1 405 387
200 2 98 0
200 1 0 0
200 2 135 0
200 1 115 0
200 2 21 11
200 1 52 15
200 2 78 5
200 1 141 0
200 2 68 0
200 1 5 0
200 2 142 0
200 1 72 0
200 2 64 0
400 1 398 382
200 1 65 0
200 2 83 0
200 1 6 0
200 2 1 0
200 1 109 5
200 2 113 0
200 1 120 5
200 2 87 0
200 1 52 0
200 2 140 0
200 1 101 0
200 2 42 10
200 1 104 0
200 2 89 5
200 1 74 0
200 2 10 0
200 1 14 0
200 2 109 5
200 1 61 0
200 2 89 0
200 1 100 0
200 2 23 0
200 1 6 5
200 2 87 5
200 1 28 0
200 2 62 0
200 1 60 0
200 2 65 0
200 1 110 5
200 2 146 0
200 1 60 0
200 2 73 0
200 1 90 0
200 2 12 0
200 1 71 0
200 2 53 0
200 1 87 0
200 2 129 0
200 1 125 0
200 2 28 0
200 1 107 5
200 2 100 0
200 1 30 0
200 2 120 0
200 1 45 0
200 2 139 0
200 1 140 0
200 2 46 0
200 1 139 0
200 2 45 5
200 1 61 0
200 2 96 0
200 1 79 0
200 2 90 5
200 1 147 0
200 2 49 0
200 1 32 10
200 2 19 0
200 1 105 5
200 2 118 0
200 1 40 0
200 2 97 0
200 1 83 5
200 2 7 0
200 1 125 0
200 2 42 0
200 1 133 0
200 2 112 0
200 1 53 0
200 2 73 0
200 1 68 6
200 2 17 0
200 1 82 0
200 2 95 10
200 1 93 0
200 2 123 0
200 1 114 0
200 2 96 0
200 1 94 5
200 2 49 0
200 1 58 5
200 2 64 0
300 1 92 0
200 2 57 5
200 1 81 0
200 2 45 0
300 1 143 0
200 2 16 0
200 1 116 10
200 2 48 0
200 1 24 0
200 2 89 0
200 1 59 9
200 2 145 0
200 1 2 5
200 2 100 0
200 1 146 0
200 2 128 0
200 1 67 0
200 2 42 0
200 1 21 0
200 2 121 0
200 1 124 0
200 2 50 11
200 1 105 10
200 2 68 0
300 1 65 28
400 1 409 431
200 2 88 0
200 1 48 0
200 2 117 0
200 1 96 0
200 2 5 6
200 1 131 0
200 2 146 0
200 1 76 0
200 2 26 0
200 1 86 0
200 2 87 0
200 1 76 5
200 2 134 5
200 1 35 0
200 2 77 0
200 1 2 0
200 2 100 0
200 1 27 0
200 2 46 5
200 1 40 0
200 2 90 0
300 1 101 0
200 2 72 6
200 1 66 0
200 2 115 5
200 1 144 9
200 2 80 0
200 1 121 0
200 2 44 0
200 1 4 0
200 2 49 0
200 1 123 0
200 2 133 0
200 1 131 0
200 2 29 0
200 1 132 0
200 2 0 0
200 1 94 0
200 2 38 0
200 1 1 0
200 2 22 0
200 1 29 0
200 2 77 0
200 1 113 0
200 2 0 0
200 1 79 0
200 2 35 0
200 1 94 0
200 2 121 0
200 1 27 0
200 2 77 0
200 1 69 0
200 2 115 0
200 1 66 0
200 2 66 0
200 1 76 0
300 2 139 0
200 1 82 5
200 2 43 5
200 1 131 5
200 2 101 0
200 1 110 0
200 2 102 5
200 1 85 13
200 2 19 10
200 1 39 0
200 2 85 0
400 1 458 474
200 1 52 0
200 2 40 17
200 1 66 0
200 2 113 0
200 1 135 0
200 2 0 0
200 1 68 0
200 2 42 5
200 1 67 0
200 2 79 0
200 1 118 21
200 2 2 5
200 1 112 0
200 2 87 0
200 1 69 15
200 2 30 0
200 1 30 0
200 2 82 0
400 1 423 453
300 1 16 14
200 2 72 0
200 1 127 0
200 2 46 5
200 1 43 5
200 2 1 0
200 1 115 0
200 2 11 5
200 1 44 0
200 2 116 0
200 1 53 0
300 2 112 0
200 1 140 0
200 2 28 0
200 1 123 0
200 2 143 5
200 1 109 5
400 1 426 450
200 2 123 0
200 1 58 0
200 2 30 0
300 1 37 6
200 2 27 5
200 1 7 0
200 2 45 0
200 1 53 9
200 2 1 5
200 1 9 0
400 1 430 448
200 2 78 0
200 1 55 0
200 2 36 5
200 1 46 11
200 2 114 0
200 1 73 0
200 2 107 5
200 1 31 0
200 2 13 0
400 1 431 448
200 1 71 0
200 2 23 0
200 1 96 5
200 2 76 20
200 1 46 0
200 2 103 0
200 1 80 0
200 2 138 7
400 1 411 433
200 1 110 0
200 2 28 0
200 1 58 0
300 2 56 0
200 1 133 0
400 1 420 436
200 2 119 0
200 1 80 0
200 2 87 12
200 1 117 0
200 2 64 0
200 1 91 5
200 2 0 5
200 1 52 5
200 2 1 0
200 1 112 5
200 2 138 6
200 1 50 0
200 2 72 0
200 1 97 0
200 2 25 22
200 1 79 0
300 2 74 0
200 1 35 0
200 2 14 5
200 1 45 0
200 2 104 0
200 1 106 0
200 2 134 0
200 1 32 0
200 2 102 13
200 1 29 5
300 2 66 19
200 1 108 20
200 2 69 0
200 1 108 0
200 2 3 5
200 1 79 0
200 2 125 0
400 1 391 385
200 1 91 0
200 2 23 0
200 1 36 7
200 2 144 0
200 1 45 0
200 2 22 0
200 1 71 5
200 2 118 6
200 1 29 0
200 2 70 0
400 1 389 394
200 1 45 5
200 2 69 0
200 1 56 0
200 2 78 0
200 1 46 5
200 2 70 9
200 1 143 0
200 2 34 0
200 1 126 0
200 2 53 0
200 1 6 0
200 2 123 5
200 1 61 5
200 2 102 6
200 1 24 0
200 2 66 0
300 1 77 27
200 2 93 0
300 1 39 0
300 2 62 0
200 1 123 0
200 2 22 15
200 1 118 0
400 1 374 378
200 2 102 0
200 1 73 0
200 2 68 5
200 1 44 0
200 2 145 10
200 1 9 0
200 2 59 0
200 1 132 5
200 2 88 0
200 1 134 0
200 2 36 0
200 1 33 0
200 2 73 0
200 1 92 0
300 2 2 0
200 1 23 0
200 2 82 0
200 1 134 0
200 2 50 0
200 1 107 0
200 2 21 0
200 1 107 5
200 2 2 0
200 1 62 0
200 2 50 5
200 1 107 10
200 2 145 0
200 1 22 0
200 2 67 0
200 1 112 0
200 2 78 0
300 1 98 29
200 2 48 0
300 1 82 0
200 2 99 7
200 1 121 0
200 2 24 5
200 1 119 5
200 2 36 0
200 1 14 0
200 2 135 0
200 1 67 0
200 2 89 5
200 1 63 0
200 2 30 0
200 1 124 0
200 2 88 5
200 1 48 0
200 2 72 0
200 1 109 0
200 2 54 5
200 1 133 5
200 2 111 0
200 1 20 0
200 2 31 10
400 1 399 383
200 1 130 0
200 2 86 0
200 1 144 5
200 2 55 0
200 1 125 0
300 2 118 5
200 1 16 0
200 2 116 5
200 1 1 0
200 2 25 0
200 1 1 0
200 2 14 0
200 1 107 0
200 2 67 0
200 1 90 0
200 2 146 0
200 1 146 0
200 2 88 0
200 1 145 10
200 2 35 0
200 1 31 15
200 2 5 0
200 1 77 5
200 2 60 0
200 1 76 0
200 2 34 0
200 1 14 5
200 2 45 0
200 1 84 0
200 2 65 0
200 1 97 0
200 2 4 0
200 1 0 0
200 2 140 0
200 1 105 0
200 2 83 0
200 1 113 0
200 2 67 0
200 1 65 0
200 2 145 0
200 1 50 0
200 2 45 0
200 1 87 0
200 2 53 0
200 1 78 0
200 2 9 0
200 1 24 5
200 2 133 9
200 1 105 0
200 2 117 5
200 1 116 5
200 2 54 5
200 1 43 0
200 2 98 5
200 1 96 5
200 2 67 0
200 1 138 9
200 2 139 0
200 1 39 0
200 2 49 0
200 1 53 0
200 2 38 0
200 1 70 11
200 2 10 0
200 1 29 0
200 2 83 10
200 1 44 5
200 2 5 11
200 1 59 0
200 2 40 0
200 1 76 0
200 2 24 5
400 1 412 399
300 1 32 0
200 2 56 5
200 1 124 0
200 2 27 5
300 1 35 0
200 2 72 0
200 1 81 0
200 2 40 0
200 1 137 0
200 2 31 0
200 1 100 0
200 2 19 5
200 1 118 0
200 2 1 0
200 1 145 0
200 2 1 0
200 1 103 0
200 2 23 0
200 1 86 0
200 2 47 11
200 1 111 6
200 2 80 0
200 1 55 5
200 2 17 0
200 1 32 0
200 2 19 5
200 1 27 5
200 2 143 0
200 1 109 6
200 2 15 5
200 1 133 0
200 2 62 0
200 1 39 0
400 1 419 411
200 2 91 0
200 1 95 11
200 2 120 0
200 1 44 0
200 2 131 0
300 1 125 0
200 2 32 5
200 1 101 0
200 2 50 11
200 1 141 5
200 2 86 0
200 1 136 0
200 2 11 0
200 1 128 9
200 2 141 0
200 1 17 0
200 2 113 0
200 1 44 0
200 2 134 0
200 1 127 0
300 2 102 0
200 1 47 0
400 1 423 404
200 2 88 0
200 1 141 0
200 2 15 0
200 1 75 0
200 2 132 0
300 1 32 0
200 2 100 0
200 1 19 10
200 2 7 0
200 1 64 0
200 2 28 0
200 1 2 0
200 2 93 0
200 1 104 10
200 2 130 0
200 1 52 0
200 2 97 0
200 1 78 0
200 2 95 0
200 1 30 0
200 2 14 0
200 1 42 0
200 2 78 0
200 1 96 0
200 2 0 0
200 1 59 0
200 2 67 0
200 1 81 0
200 2 88 0
200 1 36 0
200 2 16 0
200 1 43 13
400 1 435 431
200 2 139 0
200 1 36 0
200 2 109 5
200 1 136 0
200 2 94 0
200 1 110 0
200 2 60 0
200 1 84 14
200 2 142 0
200 1 13 0
200 2 68 16
200 1 3 0
200 2 106 0
200 1 72 0
200 2 53 0
200 1 45 0
200 2 110 0
200 1 26 0
200 2 136 0
200 1 76 11
200 2 84 6
200 1 83 6
200 2 15 0
200 1 131 5
200 2 41 0
200 1 18 0
200 2 96 0
200 1 145 0
200 2 65 0
200 1 106 0
200 2 87 0
200 1 67 0
200 2 92 0
200 1 10 0
300 2 14 5
200 1 109 5
200 2 22 0
200 1 54 5
200 2 81 0
200 1 110 0
400 1 447 431
200 2 103 0
200 1 55 0
200 2 52 0
200 1 127 5
200 2 42 15
200 1 26 0
200 2 73 0
200 1 86 0
200 2 123 0
300 1 20 7
200 2 27 0
200 1 39 0
200 2 59 0
200 1 40 0
200 2 31 0
200 1 103 0
200 2 137 0
200 1 89 0
200 2 84 0
400 1 451 443
200 1 15 0
200 2 62 5
200 1 137 0
200 2 133 5
200 1 55 0
200 2 72 0
200 1 142 0
200 2 112 0
200 1 60 5
200 2 75 5
200 1 53 0
400 1 459 443
200 2 125 0
200 1 86 0
200 2 120 0
200 1 25 0
200 2 82 0
300 1 128 0
200 2 38 0
200 1 81 0
200 2 16 0
200 1 35 0
200 2 77 0
400 1 471 461
200 1 64 0
200 2 26 22
300 1 15 12
200 2 20 0
200 1 23 0
200 2 16 0
200 1 61 0
200 2 76 6
200 1 132 0
200 2 27 5
200 1 141 0
200 2 31 0
200 1 26 5
200 2 75 0
200 1 87 0
200 2 38 5
200 1 145 0
200 2 9 0
200 1 63 13
200 2 13 5
200 1 75 0
200 2 134 0
200 1 32 5
300 2 30 13
200 1 135 0
200 2 108 0
200 1 0 0
200 2 129 0
200 1 61 5
200 2 75 0
300 1 108 22
200 2 120 5
200 1 27 0
200 2 35 0
200 1 72 0
200 2 3 6
300 1 96 0
200 2 24 0
200 1 53 0
200 2 121 0
200 1 147 0
200 2 5 0
200 1 65 0
200 2 31 5
200 1 28 0
200 2 81 0
200 1 67 5
200 2 64 0
200 1 110 0
200 2 127 0
200 1 63 5
200 2 122 0
200 1 125 8
200 2 2 0
200 1 84 0
200 2 72 11
200 1 26 0
200 2 45 0
200 1 108 5
200 2 104 0
200 1 35 0
200 2 39 5
200 1 8 5
200 2 135 0
200 1 119 0
400 1 437 421
200 2 96 0
200 1 85 0
200 2 91 6
200 1 53 5
200 2 25 0
200 1 127 5
200 2 36 0
200 1 67 6
200 2 95 0
200 1 144 0
200 2 111 0
200 1 83 5
200 2 64 0
200 1 74 0
200 2 50 5
200 1 89 0
200 2 123 0
200 1 16 0
200 2 136 5
200 1 34 0
200 2 15 0
200 1 22 0
200 2 95 10
200 1 41 0
200 2 40 0
200 1 52 0
200 2 63 0
400 1 436 437
200 1 78 0
200 2 30 0
200 1 105 0
200 2 71 0
200 1 139 0
200 2 43 0
200 1 24 0
200 2 121 5
200 1 118 0
200 2 61 0
200 1 30 0
300 2 82 36
200 1 143 0
300 2 69 0
200 1 37 0
200 2 10 0
200 1 76 0
200 2 122 0
200 1 69 0
200 2 109 0
200 1 98 0
200 2 91 0
200 1 130 0
200 2 19 0
200 1 26 0
200 2 59 0
200 1 97 0
200 2 58 0
200 1 40 0
200 2 31 0
200 1 46 0
200 2 125 5
200 1 62 0
200 2 65 17
200 1 73 5
200 2 83 0
300 1 144 0
200 2 147 0
200 1 103 5
200 2 32 0
200 1 15 0
200 2 95 0
200 1 75 0
200 2 83 0
200 1 24 0
200 2 2 0
200 1 42 5
200 2 49 0
200 1 46 5
200 2 129 0
200 1 12 16
200 2 117 5
200 1 54 10
200 2 124 5
200 1 92 0
200 2 136 5
200 1 6 0
200 2 85 9
200 1 118 0
200 2 55 0
200 1 83 0
200 2 37 0
200 1 51 5
200 2 70 5
200 1 76 0
200 2 53 5
200 1 4 0
200 2 36 0
200 1 52 0
200 2 112 5
200 1 135 0
200 2 141 0
200 1 35 0
400 1 465 432
200 2 11 0
200 1 70 6
200 2 110 0
200 1 60 0
400 1 465 438
200 2 97 0
400 1 465 441
200 1 81 0
200 2 119 0
200 1 41 0
200 2 55 0
200 1 99 11
200 2 13 0
200 1 104 0
200 2 103 0
200 1 20 0
200 2 11 21
200 1 121 0
300 2 71 0
200 1 129 0
200 2 66 0
200 1 75 5
200 2 14 0
200 1 15 0
200 2 24 0
300 1 137 56
200 2 117 0
200 1 140 0
400 1 423 400
200 2 121 0
200 1 90 6
200 2 82 0
200 1 7 0
200 2 39 0
200 1 35 0
200 2 116 5
200 1 87 0
200 2 96 0
200 1 5 0
200 2 86 0
300 1 91 5
200 2 73 0
200 1 142 31
200 2 122 6
200 1 49 0
200 2 94 0
200 1 88 5
200 2 78 0
200 1 44 0
200 2 43 0
200 1 83 0
200 2 39 5
200 1 142 0
200 2 17 5
200 1 147 5
400 1 408 397
200 2 62 0
300 1 103 20
200 2 96 0
200 1 43 10
300 2 34 29
200 1 8 0
200 2 59 0
200 1 19 0
200 2 77 0
200 1 125 0
200 2 75 0
200 1 82 0
200 2 140 0
300 1 56 16
200 2 113 0
200 1 135 0
200 2 54 5
200 1 32 5
200 2 107 5
200 1 24 5
200 2 53 0
200 1 28 5
300 2 81 12
200 1 19 0
200 2 99 0
200 1 13 0
200 2 28 0
200 1 80 0
200 2 131 0
200 1 80 0
300 2 133 0
200 1 128 0
200 2 9 5
200 1 115 0
200 2 93 0
400 1 371 367
200 1 145 0
200 2 136 0
200 1 111 0
200 2 138 0
200 1 126 0
200 2 25 0
200 1 75 0
200 2 24 0
200 1 104 0
200 2 26 0
200 1 146 0
300 2 69 0
200 1 4 6
200 2 138 0
200 1 40 0
200 2 76 0
200 1 79 6
200 2 87 0
300 1 58 0
200 2 117 5
400 1 387 388
200 1 136 0
200 2 60 0
200 1 114 0
200 2 48 0
200 1 105 0
200 2 61 0
200 1 45 0
200 2 4 0
200 1 73 0
200 2 123 0
200 1 35 5
200 2 12 0
200 1 40 0
200 2 8 0
200 1 94 0
200 2 53 0
200 1 39 0
200 2 26 0
200 1 55 0
200 2 35 0
200 1 5 13
300 2 64 23
200 1 5 0
200 2 73 0
300 1 18 0
200 2 85 0
200 1 39 0
200 2 92 5
200 1 112 5
200 2 90 0
200 1 100 0
300 2 133 0
200 1 19 0
200 2 31 0
200 1 77 0
200 2 20 0
200 1 33 0
200 2 69 0
200 1 75 10
200 2 22 0
200 1 30 0
200 2 76 0
200 1 134 0
200 2 20 0
200 1 144 5
200 2 84 0
200 1 105 0
200 2 37 0
200 1 30 0
200 2 28 0
200 1 123 0
200 2 96 5
200 1 22 0
200 2 101 0
200 1 137 0
200 2 117 0
200 1 145 0
200 2 110 6
200 1 140 0
200 2 48 0
200 1 114 5
200 2 85 10
200 1 102 0
200 2 102 0
300 1 127 0
200 2 75 0
200 1 56 0
200 2 91 0
200 1 105 5
200 2 111 0
200 1 91 0
200 2 147 0
200 1 127 6
200 2 96 5
300 1 60 7
200 2 119 5
200 1 22 0
200 2 96 0
300 1 122 0
200 2 1 0
200 1 8 0
200 2 3 9
200 1 147 0
200 2 34 0
200 1 42 18
200 2 21 0
200 1 19 5
200 2 100 5
200 1 79 6
200 2 43 0
200 1 57 0
200 2 32 0
200 1 21 0
200 2 104 0
200 1 40 10
200 2 34 0
200 1 85 5
200 2 131 0
200 1 16 0
200 2 7 0
400 1 407 435
200 1 64 0
200 2 63 0
200 1 13 0
200 2 77 0
200 1 41 5
200 2 84 0
200 1 84 0
200 2 37 0
200 1 12 0
200 2 112 0
200 1 110 0
200 2 34 0
200 1 20 5
200 2 128 0
200 1 129 5
200 2 138 5
200 1 78 6
200 2 67 0
200 1 103 0
200 2 77 0
300 1 46 26
200 2 31 0
200 1 16 0
200 2 60 0
200 1 13 0
200 2 71 0
200 1 101 0
200 2 126 0
200 1 67 0
200 2 49 0
200 1 53 0
200 2 96 0
200 1 42 5
200 2 137 0
200 1 85 0
200 2 111 0
200 1 31 0
200 2 50 5
300 1 144 0
200 2 52 6
200 1 49 0
200 2 120 0
200 1 69 0
200 2 51 0
200 1 46 0
200 2 9 0
200 1 79 0
200 2 123 0
300 1 108 0
200 2 115 0
200 1 40 0
200 2 81 0
200 1 109 0
200 2 10 5
200 1 113 0
200 2 46 0
200 1 43 5
200 2 130 21
200 1 90 0
200 2 102 0
200 1 36 5
200 2 144 0
200 1 127 0
200 2 83 0
200 1 63 0
200 2 142 0
200 1 46 5
200 2 43 0
200 1 141 0
200 2 63 0
200 1 50 6
200 2 129 0
200 1 70 7
200 2 32 7
200 1 11 0
200 2 1 0
200 1 147 0
200 2 79 0
200 1 147 5
200 2 78 0
300 1 98 0
200 2 54 0
200 1 104 0
200 2 55 0
200 1 57 5
200 2 60 12
200 1 74 0
200 2 73 0
400 1 437 466
200 1 6 38
200 2 105 0
200 1 75 6
200 2 16 0
200 1 2 5
200 2 136 0
200 1 66 0
200 2 64 0
200 1 96 0
400 1 403 456
200 2 12 0
200 1 81 0
300 2 80 0
200 1 24 0
200 2 8 0
200 1 43 0
200 2 138 10
200 1 109 0
200 2 92 6
200 1 21 0
300 2 77 11
200 1 138 0
200 2 27 34
200 1 75 0
200 2 78 0
200 1 24 6
200 2 134 0
200 1 121 0
300 2 88 6
200 1 53 0
200 2 137 0
200 1 78 0
200 2 91 0
200 1 15 0
200 2 72 5
200 1 36 0
200 2 69 0
200 1 60 0
200 2 125 0
200 1 125 5
200 2 122 5
200 1 116 0
200 2 81 0
200 1 47 0
200 2 39 5
300 1 21 0
300 2 3 6
200 1 131 0
200 2 143 0
200 1 117 10
200 2 84 0
300 1 69 31
200 2 7 0
200 1 3 0
200 2 67 5
200 1 67 0
200 2 68 5
200 1 48 0
200 2 57 0
200 1 96 0
200 2 63 0
200 1 121 0
200 2 17 0
200 1 144 0
200 2 97 0
200 1 96 0
200 2 144 0
200 1 9 5
200 2 56 6
200 1 115 0
200 2 87 5
200 1 130 0
200 2 66 0
200 1 47 0
200 2 67 0
200 1 6 9
200 2 123 0
200 1 62 9
200 2 126 5
200 1 118 0
200 2 16 0
200 1 142 0
200 2 8 0
200 1 96 0
200 2 30 0
400 1 413 429
200 1 135 0
200 2 57 0
200 1 45 5
200 2 100 0
200 1 40 0
200 2 93 8
200 1 33 0
200 2 89 0
200 1 129 0
200 2 120 0
200 1 37 0
200 2 18 0
200 1 80 0
200 2 147 0
200 1 90 0
200 2 35 0
200 1 125 0
200 2 54 5
200 1 67 0
200 2 43 0
200 1 26 0
200 2 116 0
200 1 18 0
200 2 53 0
200 1 102 0
200 2 136 0
200 1 27 11
200 2 4 0
200 1 89 0
200 2 141 0
200 1 146 0
200 2 42 0
200 1 57 0
300 2 34 0
200 1 92 0
300 2 135 25
200 1 140 0
200 2 84 0
200 1 139 0
200 2 130 0
200 1 54 0
200 2 122 0
200 1 129 0
200 2 94 11
400 1 445 443
200 1 96 0
200 2 38 0
300 1 72 0
300 2 132 0
200 1 9 0
300 2 52 17
200 1 57 0
300 2 136 0
200 1 48 5
200 2 86 0
200 1 89 9
200 2 114 0
200 1 2 0
200 2 132 5
200 1 16 5
200 2 43 0
200 1 77 0
200 2 117 0
200 1 23 5
200 2 63 0
200 1 53 0
200 2 143 0
300 1 91 0
200 2 51 0
200 1 78 0
200 2 24 0
200 1 64 0
200 2 25 0
200 1 71 0
300 2 95 0
200 1 36 0
200 2 111 0
200 1 134 0
200 2 110 0
200 1 66 5
200 2 54 5
200 1 63 0
200 2 76 6
200 1 143 0
200 2 42 5
200 1 25 5
200 2 83 0
200 1 69 6
200 2 145 0
200 1 54 0
200 2 8 0
200 1 75 0
200 2 2 0
200 1 142 0
200 2 58 6
200 1 132 0
200 2 56 0
200 1 136 0
200 2 136 0
200 1 111 0
200 2 43 0
200 1 128 5
200 2 131 0
200 1 102 0
200 2 91 5
200 1 52 0
200 2 48 0
200 1 37 29
200 2 135 0
200 1 129 0
200 2 41 5
200 1 118 0
200 2 23 9
200 1 132 5
200 2 22 0
200 1 119 0
200 2 8 0
200 1 25 0
200 2 46 5
200 1 107 0
200 2 23 0
200 1 7 0
200 2 35 0
200 1 5 0
200 2 121 0
200 1 121 0
200 2 90 0
200 1 137 0
200 2 50 0
200 1 41 5
300 2 18 10
200 1 112 0
200 2 105 0
200 1 33 0
200 2 64 10
200 1 106 14
200 2 55 5
200 1 98 10
200 2 99 13
200 1 14 0
200 2 14 0
200 1 113 11
200 2 57 0
200 1 30 0
200 2 20 0
200 1 139 0
200 2 81 6
200 1 55 0
400 1 428 437
200 2 40 0
200 1 5 10
200 2 11 0
200 1 55 0
200 2 8 0
200 1 16 5
400 1 422 431
200 2 65 0
200 1 33 0
400 1 425 434
200 2 123 0
200 1 93 6
200 2 31 0
200 1 114 0
200 2 13 5
200 1 28 6
200 2 97 0
200 1 90 0
200 2 20 5
200 1 50 0
200 2 119 0
200 1 132 0
200 2 62 0
300 1 94 21
200 2 101 0
200 1 37 0
200 2 61 0
200 1 95 0
200 2 65 0
200 1 69 0
200 2 62 0
200 1 0 0
200 2 86 0
200 1 128 0
200 2 109 0
200 1 133 15
200 2 26 0
200 1 29 5
200 2 39 0
200 1 49 6
200 2 6 5
200 1 105 5
200 2 77 0
200 1 54 0
200 2 27 0
200 1 78 0
200 2 36 0
200 1 141 0
200 2 141 0
200 1 48 0
200 2 5 0
200 1 54 0
200 2 96 0
300 1 54 0
200 2 51 0
200 1 91 5
200 2 3 0
200 1 75 0
400 1 433 470
200 2 99 0
200 1 89 0
200 2 100 14
200 1 61 0
200 2 136 0
200 1 8 0
200 2 127 0
200 1 142 5
200 2 55 0
300 1 55 5
200 2 119 0
200 1 85 0
300 2 46 0
200 1 98 0
200 2 86 10
200 1 31 0
200 2 66 10
200 1 97 0
200 2 64 6
200 1 46 0
200 2 35 5
200 1 5 0
200 2 122 0
400 1 442 457
200 1 95 0
200 2 28 0
200 1 45 6
200 2 43 0
200 1 97 0
200 2 55 0
200 1 137 0
200 2 104 0
200 1 108 0
400 1 451 469
200 2 1 0
200 1 30 0
200 2 64 0
400 1 454 475
200 1 64 0
200 2 147 0
200 1 62 0
200 2 86 0
200 1 121 0
200 2 4 0
200 1 61 0
200 2 62 5
200 1 42 0
200 2 65 0
200 1 116 21
200 2 113 10
200 1 141 0
200 2 47 5
300 1 39 0
200 2 133 6
200 1 123 5
200 2 79 0
200 1 119 0
200 2 96 0
200 1 144 0
200 2 132 0
300 1 66 5
200 2 136 0
200 1 29 0
200 2 50 0
200 1 92 0
200 2 107 11
200 1 11 0
200 2 71 0
200 1 91 0
200 2 100 0
200 1 107 0
200 2 146 0
200 1 22 0
200 2 46 0
200 1 17 0
200 2 125 0
200 1 114 0
200 2 51 0
200 1 73 5
200 2 11 0
200 1 46 0
200 2 71 5
200 1 125 0
200 2 51 10
200 1 90 15
200 2 118 5
200 1 83 0
200 2 88 0
200 1 120 0
200 2 143 0
200 1 93 0
200 2 113 0
200 1 61 10
200 2 119 0
200 1 146 0
200 2 71 0
400 1 434 451
200 1 131 10
200 2 38 6
300 1 20 5
200 2 68 0
200 1 130 0
300 2 98 40
400 1 409 417
300 1 10 10
200 2 74 5
200 1 9 0
200 2 54 0
200 1 117 6
200 2 77 0
200 1 138 0
200 2 26 0
200 1 114 7
200 2 141 0
200 1 33 0
200 2 84 0
200 1 131 0
200 2 127 0
200 1 49 0
200 2 63 0
200 1 58 0
200 2 17 5
200 1 19 0
200 2 16 0
300 1 10 0
200 2 81 0
200 1 90 0
200 2 128 0
200 1 29 10
200 2 10 0
200 1 11 6
200 2 92 0
200 1 75 0
200 2 5 5
200 1 70 0
200 2 48 0
200 1 41 5
200 2 107 5
200 1 74 0
200 2 68 0
200 1 46 0
200 2 94 0
200 1 70 0
200 2 27 5
200 1 69 0
200 2 141 0
200 1 31 0
200 2 97 0
200 1 117 10
400 1 419 441
200 2 75 5
200 1 108 0
200 2 108 0
200 1 2 0
200 2 31 0
200 1 56 0
200 2 21 0
200 1 121 0
200 2 13 0
200 1 119 0
200 2 135 10
200 1 85 0
200 2 61 0
200 1 67 5
200 2 48 14
200 1 27 0
200 2 1 0
200 1 76 0
200 2 36 0
300 1 93 0
200 2 100 0
200 1 53 5
200 2 39 6
200 1 32 0
200 2 16 0
200 1 57 0
200 2 14 0
200 1 50 0
200 2 143 9
200 1 110 5
200 2 76 0
200 1 110 5
200 2 98 0
400 1 432 448
200 1 98 0
400 1 435 448
200 2 109 0
200 1 13 0
300 2 122 0
200 1 47 14
200 2 107 0
200 1 124 0
200 2 83 0
300 1 109 0
200 2 1 0
200 1 12 0
200 2 29 0
200 1 127 0
300 2 80 25
200 1 58 0
200 2 137 0
200 1 83 0
200 2 12 0
200 1 105 0
300 2 95 20
200 1 71 0
200 2 119 0
200 1 51 0
200 2 144 0
200 1 20 0
200 2 136 0
400 1 425 442
200 1 48 0
200 2 136 5
200 1 122 0
200 2 74 0
200 1 93 0
200 2 61 5
200 1 88 6
200 2 22 5
200 1 132 10
200 2 92 0
400 1 424 437
200 1 129 0
300 2 91 6
200 1 85 0
200 2 99 5
200 1 78 0
200 2 12 0
200 1 36 16
200 2 113 0
400 1 416 425
200 1 68 5
200 2 119 0
200 1 84 0
200 2 93 0
200 1 123 5
200 2 84 0
200 1 71 0
200 2 80 5
200 1 34 0
200 2 72 0
200 1 35 0
200 2 146 0
200 1 117 0
200 2 135 0
200 1 25 0
200 2 80 0
200 1 145 0
400 1 433 444
200 2 52 0
200 1 123 0
200 2 143 0
200 1 40 0
200 2 47 0
200 1 131 5
200 2 68 0
200 1 101 0
200 2 119 0
200 1 146 0
200 2 33 5
200 1 124 10
300 2 61 0
200 1 31 0
200 2 7 0
200 1 112 0
200 2 33 10
200 1 4 0
200 2 100 0
300 1 90 0
200 2 44 0
200 1 25 0
200 2 26 0
200 1 113 0
200 2 14 0
200 1 15 15
200 2 61 0
200 1 46 0
200 2 4 0
200 1 147 0
200 2 58 0
200 1 17 5
200 2 140 51
200 1 4 0
200 2 125 0
400 1 388 408
200 1 37 0
200 2 72 0
200 1 18 0
200 2 132 0
200 1 111 0
400 1 397 414
200 2 125 5
200 1 112 0
200 2 80 0
200 1 106 0
200 2 41 16
200 1 103 0
200 2 91 0
400 1 396 405
200 1 6 0
300 2 122 0
200 1 119 0
200 2 82 0
200 1 127 0
200 2 20 0
200 1 19 0
200 2 90 6
200 1 77 0
200 2 113 0
200 1 40 0
200 2 126 0
200 1 99 0
200 2 40 0
200 1 19 0
200 2 95 0
200 1 66 0
200 2 140 0
300 1 40 0
200 2 14 0
400 1 423 426
200 1 83 0
400 1 426 426
300 2 103 17
200 1 37 9
200 2 77 0
200 1 92 0
200 2 19 0
200 1 66 0
200 2 100 0
200 1 143 0
200 2 91 5
200 1 92 0
200 2 126 0
200 1 71 5
400 1 413 428
200 2 14 0
200 1 61 0
200 2 101 0
300 1 13 0
200 2 93 0
200 1 133 0
200 2 22 0
200 1 108 0
200 2 1 0
200 1 142 5
200 2 88 0
200 1 130 11
200 2 106 15
200 1 133 0
200 2 130 6
200 1 110 0
200 2 87 0
200 1 82 5
200 2 71 0
300 1 53 22
200 2 71 0
200 1 75 0
200 2 142 0
200 1 55 0
200 2 143 0
200 1 18 0
200 2 118 5
200 1 123 0
200 2 54 0
200 1 136 0
200 2 24 11
200 1 5 5
200 2 2 0
200 1 98 0
200 2 142 10
200 1 20 0
200 2 113 0
200 1 122 0
200 2 106 0
200 1 21 0
200 2 134 5
200 1 41 0
200 2 72 5
200 1 93 0
200 2 105 0
200 1 120 0
200 2 48 0
200 1 139 0
200 2 8 0
200 1 135 0
200 2 71 0
200 1 36 0
200 2 104 9
200 1 110 0
200 2 128 0
200 1 4 0
200 2 32 0
200 1 50 0
200 2 30 0
200 1 119 0
200 2 32 5
200 1 102 0
200 2 24 0
200 1 147 0
200 2 44 0
200 1 126 0
200 2 96 0
400 1 430 435
200 1 19 0
200 2 122 0
200 1 123 20
200 2 11 0
200 1 8 0
200 2 76 0
200 1 121 0
200 2 9 10
200 1 92 0
200 2 39 0
300 1 61 8
200 2 88 6
200 1 13 0
200 2 49 0
300 1 42 0
200 2 103 0
200 1 10 7
200 2 110 0
200 1 56 0
200 2 130 0
200 1 55 0
200 2 134 5
200 1 139 0
200 2 131 6
300 1 33 0
200 2 76 0
200 1 5 5
200 2 42 0
200 1 57 9
200 2 89 6
200 1 57 0
200 2 132 0
200 1 15 0
400 1 421 425
200 2 110 0
200 1 68 0
200 2 117 0
200 1 18 0
200 2 8 5
200 1 41 0
200 2 28 0
200 1 89 0
400 1 433 432
400 1 433 432
200 2 99 0
400 1 433 435
200 1 13 0
200 2 23 0
200 1 146 5
200 2 21 0
200 1 127 0
200 2 127 0
200 1 78 0
200 2 83 0
400 1 440 447
200 1 5 10
200 2 73 5
200 1 17 5
200 2 124 0
200 1 69 0
200 2 114 0
200 1 64 5
300 2 65 0
200 1 126 0
200 2 0 10
200 1 88 0
200 2 142 0
200 1 50 0
200 2 57 0
200 1 24 0
200 2 139 0
200 1 121 5
200 2 95 0
200 1 106 0
400 1 445 456
300 2 70 14
200 1 67 0
200 2 97 5
200 1 86 12
200 2 69 0
200 1 66 0
200 2 9 6
200 1 88 0
200 2 88 0
200 1 32 0
200 2 146 0
200 1 7 0
200 2 1 5
200 1 79 0
200 2 0 0
200 1 18 10
200 2 28 21
200 1 24 5
200 2 74 0
200 1 73 0
300 2 91 0
200 1 65 5
200 2 56 0
200 1 79 0
200 2 21 0
200 1 134 0
200 2 17 0
200 1 71 5
200 2 71 0
200 1 33 0
400 1 435 442
200 2 66 0
200 1 116 0
200 2 2 0
200 1 61 0
200 2 83 0
200 1 30 0
200 2 100 0
200 1 20 0
200 2 29 0
200 1 118 0
200 2 54 5
200 1 137 0
300 2 145 0
200 1 17 0
200 2 59 0
200 1 73 0
200 2 76 0
200 1 56 0
200 2 45 0
200 1 111 30
200 2 36 0
200 1 38 0
200 2 87 0
200 1 69 5
200 2 106 0
200 1 70 19
200 2 76 0
200 1 25 0
200 2 88 0
200 1 95 16
200 2 136 0
400 1 410 437
200 1 118 0
200 2 121 0
200 1 117 0
200 2 76 5
200 1 140 0
200 2 106 0
200 1 82 0
200 2 30 0
200 1 125 0
400 1 425 444
200 2 100 5
200 1 65 0
400 1 428 442
200 2 131 0
200 1 88 0
200 2 19 0
200 1 37 0
200 2 104 0
200 1 46 0
200 2 85 6
200 1 37 0
200 2 131 19
200 1 68 0
200 2 99 6
200 1 34 5
200 2 19 0
200 1 64 0
200 2 107 6
200 1 2 0
200 2 89 6
200 1 43 0
200 2 39 15
200 1 44 0
200 2 41 0
200 1 62 0
200 2 1 0
200 1 24 5
200 2 16 0
200 1 136 0
200 2 12 0
200 1 53 0
200 2 58 0
200 1 95 0
400 1 434 429
200 2 61 0
200 1 71 5
200 2 55 0
200 1 22 11
200 2 89 0
200 1 62 0
200 2 146 0
200 1 27 0
200 2 78 0
200 1 92 0
200 2 2 0
300 1 87 0
200 2 28 9
200 1 26 5
200 2 13 0
200 1 88 0
200 2 138 0
200 1 106 0
300 2 48 6
200 1 140 0
200 2 42 0
200 1 51 11
200 2 34 0
200 1 30 5
200 2 41 0
300 1 109 0
200 2 124 10
200 1 72 5
200 2 14 0
200 1 147 0
200 2 101 0
200 1 60 0
200 2 141 0
200 1 11 5
200 2 90 0
200 1 60 0
200 2 59 9
200 1 4 0
200 2 24 5
200 1 16 5
200 2 140 5
200 1 77 0
200 2 139 0
200 1 27 0
400 1 417 415
200 2 47 0
200 1 41 0
200 2 93 0
200 1 122 14
200 2 105 0
200 1 10 5
200 2 69 0
200 1 71 0
400 1 410 422
200 2 136 0
200 1 15 5
200 2 138 10
200 1 94 0
200 2 134 0
200 1 145 0
200 2 82 0
400 1 403 424
200 1 78 0
200 2 23 0
400 1 406 427
200 1 100 0
200 2 141 5
200 1 146 0
200 2 67 0
200 1 98 0
200 2 20 0
200 1 67 0
200 2 20 5
200 1 79 0
200 2 62 0
200 1 41 0
200 2 122 0
200 1 21 0
200 2 68 0
200 1 106 0
200 2 131 0
200 1 55 0
300 2 132 0
200 1 146 0
200 2 89 0
200 1 135 0
200 2 80 0
200 1 53 0
300 2 136 0
200 1 52 5
200 2 31 0
200 1 58 0
200 2 0 0
200 1 27 9
200 2 37 0
200 1 84 0
200 2 21 0
200 1 41 0
200 2 115 0
200 1 66 16
200 2 104 15
200 1 10 0
200 2 70 0
200 1 134 0
200 2 144 6
200 1 36 0
200 2 120 5
200 1 97 5
200 2 25 0
200 1 87 0
200 2 26 0
200 1 117 0
200 2 97 0
200 1 52 0
400 1 421 443
200 2 8 0
200 1 48 5
200 2 32 0
200 1 64 0
200 2 78 0
200 1 18 0
200 2 107 0
200 1 46 0
200 2 112 6
200 1 141 0
200 2 10 0
200 1 127 0
200 2 73 0
200 1 99 0
200 2 40 0
200 1 13 0
200 2 87 0
200 1 35 0
200 2 103 0
200 1 66 0
200 2 134 0
200 1 67 6
200 2 56 0
200 1 102 0
200 2 38 5
200 1 94 0
200 2 60 0
200 1 140 12
200 2 6 5
200 1 106 0
200 2 132 5
200 1 81 6
200 2 118 0
200 1 44 0
200 2 82 0
200 1 141 0
200 2 87 5
200 1 2 0
200 2 64 0
200 1 126 0
200 2 77 0
200 1 28 0
200 2 96 10
400 1 450 468
200 1 22 10
200 2 62 25
200 1 143 5
200 2 41 0
200 1 128 0
200 2 102 0
200 1 119 0
200 2 125 0
200 1 102 0
200 2 13 0
200 1 72 5
200 2 80 16
200 1 38 9
200 2 84 0
200 1 54 0
300 2 0 28
200 1 118 0
200 2 142 0
200 1 127 5
200 2 89 0
200 1 137 0
200 2 126 0
200 1 49 5
200 2 6 0
200 1 110 0
200 2 39 5
200 1 25 0
200 2 125 0
200 1 99 10
200 2 111 0
200 1 55 0
200 2 16 0
200 1 79 0
300 2 2 6
200 1 131 0
200 2 92 0
200 1 31 0
300 2 92 34
200 1 116 0
200 2 118 0
200 1 7 0
300 2 26 23
200 1 71 0
200 2 143 5
200 1 27 0
200 2 146 0
200 1 122 0
200 2 144 0
200 1 107 5
200 2 35 0
200 1 45 0
200 2 71 0
200 1 44 13
200 2 109 0
200 1 40 0
200 2 137 0
200 1 92 6
200 2 98 0
400 1 403 408
200 1 30 5
200 2 1 0
200 1 18 0
200 2 48 0
200 1 82 0
300 2 5 0
200 1 34 15
200 2 75 0
200 1 25 0
200 2 128 0
200 1 21 0
200 2 44 5
200 1 119 0
300 2 135 0
200 1 44 0
200 2 25 0
200 1 1 5
200 2 130 0
200 1 137 0
200 2 68 0
200 1 82 0
200 2 98 0
200 1 31 7
200 2 50 0
200 1 64 0
200 2 55 0
200 1 19 9
200 2 1 0
200 1 81 0
200 2 11 15
200 1 110 0
200 2 68 5
200 1 127 5
300 2 144 20
200 1 29 0
200 2 61 0
200 1 117 0
200 2 24 0
200 1 91 0
200 2 87 0
200 1 3 0
200 2 134 0
200 1 82 0
200 2 113 0
200 1 104 0
200 2 47 0
200 1 85 0
200 2 62 0
200 1 21 0
200 2 4 5
200 1 120 11
200 2 147 0
300 1 117 5
200 2 79 0
200 1 72 0
200 2 70 0
200 1 15 0
200 2 33 5
200 1 77 0
200 2 136 0
200 1 56 0
200 2 83 0
200 1 61 0
200 2 133 0
200 1 50 5
200 2 11 0
300 1 120 24
200 2 66 17
200 1 48 0
200 2 113 5
200 1 119 0
200 2 28 0
200 1 142 0
200 2 21 0
200 1 55 0
200 2 119 0
200 1 131 5
200 2 67 0
200 1 23 0
200 2 18 0
200 1 37 0
200 2 10 0
200 1 29 0
200 2 5 0
200 1 65 5
200 2 137 0
200 1 112 5
200 2 66 0
200 1 12 6
200 2 44 0
200 1 2 0
200 2 85 0
200 1 57 0
200 2 13 0
200 1 40 6
200 2 89 5
200 1 140 0
200 2 46 5
200 1 65 0
200 2 140 0
400 1 410 399
200 1 146 0
200 2 6 0
200 1 125 0
200 2 102 0
200 1 118 0
200 2 46 0
200 1 23 0
200 2 12 5
200 1 143 0
200 2 18 6
200 1 97 0
200 2 144 0
200 1 115 5
200 2 88 5
200 1 43 5
200 2 79 0
400 1 419 407
200 1 128 0
200 2 56 0
200 1 50 0
200 2 4 0
200 1 61 0
200 2 144 5
200 1 119 0
200 2 23 0
200 1 143 5
300 2 13 37
200 1 135 0
200 2 20 0
200 1 133 0
300 2 74 17
200 1 60 0
200 2 69 5
200 1 4 0
300 2 0 0
200 1 21 0
200 2 5 0
200 1 35 0
200 2 36 0
200 1 106 0
200 2 15 0
200 1 114 0
200 2 36 0
200 1 123 9
200 2 66 0
300 1 96 0
200 2 133 0
200 1 50 0
200 2 74 0
200 1 79 11
200 2 95 0
200 1 75 0
200 2 139 0
200 1 67 0
200 2 27 0
200 1 107 0
200 2 76 0
200 1 20 0
200 2 86 5
200 1 98 0
200 2 99 5
200 1 12 0
300 2 16 0
200 1 121 6
200 2 127 0
200 1 98 0
200 2 131 0
200 1 36 0
200 2 142 0
200 1 8 0
200 2 48 0
200 1 137 0
200 2 96 0
400 1 439 430
300 1 58 0
200 2 144 0
200 1 57 0
200 2 115 0
200 1 60 11
200 2 29 0
200 1 123 0
200 2 0 5
200 1 142 0
200 2 75 24
200 1 70 5
200 2 103 0
200 1 66 0
200 2 106 0
200 1 66 0
200 2 55 0
200 1 102 0
200 2 124 0
200 1 30 0
400 1 431 428
200 2 16 0
200 1 102 0
200 2 128 5
200 1 132 0
200 2 92 0
200 1 136 0
200 2 118 0
200 1 5 15
200 2 19 0
400 1 428 426
200 1 142 0
200 2 34 6
200 1 39 5
200 2 54 0
200 1 12 0
200 2 10 0
200 1 56 0
200 2 83 0
200 1 131 0
200 2 6 0
200 1 45 0
400 1 441 435
200 2 147 27
200 1 9 0
200 2 24 0
200 1 59 0
200 2 84 0
200 1 78 0
200 2 140 5
200 1 132 0
200 2 104 0
200 1 2 0
200 2 49 0
200 1 142 0
200 2 141 0
200 1 120 0
200 2 117 5
200 1 99 6
200 2 22 0
200 1 89 0
200 2 46 0
200 1 81 7
300 2 1 0
200 1 50 0
200 2 53 5
200 1 12 0
200 2 27 5
200 1 116 11
200 2 47 5
200 1 147 0
200 2 86 0
200 1 141 0
200 2 69 0
200 1 20 0
200 2 130 0
200 1 51 5
200 2 93 6
200 1 59 12
200 2 146 5
200 1 106 0
200 2 107 0
200 1 94 0
200 2 55 5
200 1 103 0
400 1 427 427
200 2 69 0
200 1 42 0
200 2 96 0
200 1 32 10
200 2 101 0
200 1 40 0
200 2 100 6
200 1 79 0
200 2 110 17
200 1 110 0
200 2 5 0
200 1 65 0
200 2 94 6
200 1 24 0
200 2 14 0
200 1 141 0
200 2 139 12
200 1 115 0
200 2 56 0
200 1 137 0
200 2 129 0
200 1 141 0
200 2 20 0
200 1 137 0
200 2 78 0
200 1 132 0
200 2 113 0
200 1 52 0
200 2 91 0
200 1 71 0
200 2 44 0
200 1 47 0
200 2 95 0
200 1 103 5
200 2 123 5
200 1 26 0
200 2 41 0
200 1 35 0
400 1 425 426
200 2 77 0
200 1 104 0
300 2 39 0
200 1 142 5
300 2 148 0
200 1 98 0
200 2 132 5
200 1 80 9
200 2 111 0
200 1 145 0
200 2 21 0
200 1 147 0
200 2 97 0
200 1 64 6
200 2 80 5
200 1 3 0
200 2 107 0
200 1 16 0
200 2 136 0
200 1 45 0
200 2 41 0
200 1 94 0
200 2 109 0
200 1 12 0
200 2 11 0
200 1 96 0
200 2 103 5
200 1 124 5
200 2 12 0
200 1 128 0
200 2 5 5
200 1 50 0
200 2 99 0
200 1 17 0
200 2 84 14
200 1 36 0
200 2 91 0
200 1 8 0
200 2 44 0
200 1 43 0
200 2 130 0
200 1 122 0
200 2 26 0
200 1 71 0
200 2 73 0
200 1 26 0
200 2 42 0
200 1 6 0
200 2 98 0
200 1 54 19
200 2 131 6
200 1 51 0
200 2 130 0
200 1 13 5
200 2 45 20
200 1 108 6
200 2 84 5
200 1 127 0
200 2 130 5
200 1 17 0
200 2 57 0
200 1 108 0
200 2 76 6
200 1 123 0
200 2 145 0
200 1 142 5
200 2 74 0
200 1 33 5
200 2 70 0
200 1 26 0
200 2 77 10
200 1 50 0
200 2 12 0
200 1 37 0
200 2 73 0
200 1 87 0
200 2 140 0
200 1 55 0
200 2 124 0
200 1 26 6
200 2 5 0
200 1 147 0
200 2 134 0
200 1 104 0
200 2 12 0
200 1 17 10
200 2 126 5
200 1 143 5
300 2 75 9
200 1 44 0
200 2 40 0
200 1 127 0
200 2 9 5
200 1 80 0
300 2 145 16
200 1 85 5
200 2 143 0
200 1 91 11
200 2 37 0
200 1 4 0
200 2 38 0
200 1 101 5
400 1 436 413
200 2 24 0
200 1 64 5
200 2 31 0
200 1 2 5
200 2 27 0
200 1 36 0
200 2 123 0
200 1 47 0
200 2 126 0
200 1 92 0
200 2 88 0
200 1 41 0
200 2 14 0
200 1 147 0
200 2 143 5
200 1 89 0
200 2 4 0
200 1 85 0
200 2 40 0
200 1 79 5
200 2 140 5
200 1 140 6
200 2 120 0
200 1 138 0
200 2 81 0
200 1 133 0
200 2 33 10
200 1 67 5
200 2 92 0
200 1 53 0
200 2 63 0
200 1 17 10
200 2 20 5
200 1 145 5
200 2 60 0
200 1 68 0
200 2 140 0
200 1 133 0
300 2 54 0
200 1 29 0
200 2 103 0
200 1 3 5
200 2 115 0
200 1 42 0
200 2 26 0
200 1 116 5
200 2 88 0
300 1 97 0
200 2 33 10
200 1 147 5
200 2 23 0
200 1 15 0
200 2 63 0
200 1 63 0
200 2 73 5
200 1 95 5
200 2 35 0
200 1 141 0
300 2 67 24
200 1 127 0
300 2 39 47
300 1 25 0
200 2 120 19
200 1 18 6
200 2 70 0
200 1 5 0
200 2 99 0
200 1 81 0
200 2 131 5
200 1 110 0
200 2 116 0
200 1 135 5
200 2 67 5
200 1 68 0
200 2 10 5
200 1 131 27
200 2 103 0
200 1 28 5
200 2 25 5
200 1 37 0
200 2 46 0
200 1 100 0
200 2 13 0
200 1 82 0
200 2 92 0
200 1 125 0
300 2 38 0
200 1 134 0
200 2 108 0
200 1 84 5
200 2 97 5
200 1 27 0
400 1 398 387
200 2 92 0
200 1 15 10
200 2 95 0
200 1 92 0
200 2 50 0
200 1 73 0
200 2 41 0
200 1 119 0
200 2 80 0
200 1 20 0
200 2 80 0
200 1 35 0
200 2 140 0
200 1 10 5
400 1 404 399
200 2 93 5
300 1 38 14
200 2 93 0
200 1 98 0
200 2 104 0
200 1 40 0
200 2 18 0
200 1 140 0
200 2 68 0
200 1 2 0
200 2 132 6
200 1 20 0
200 2 6 10
200 1 69 0
200 2 90 0
200 1 55 5
200 2 23 5
200 1 147 10
200 2 56 0
200 1 31 0
200 2 11 5
200 1 66 0
200 2 27 0
300 1 140 0
200 2 112 0
200 1 83 0
200 2 100 0
200 1 22 0
200 2 70 0
200 1 6 10
200 2 11 5
200 1 61 0
200 2 45 0
200 1 105 0
200 2 111 5
200 1 58 0
200 2 79 5
200 1 132 5
200 2 55 0
200 1 84 5
200 2 114 0
200 1 32 5
200 2 119 0
200 1 139 0
200 2 129 0
200 1 18 0
200 2 138 0
200 1 100 0
200 2 146 0
200 1 95 0
200 2 34 0
200 1 9 0
400 1 411 427
200 2 8 0
200 1 18 0
200 2 2 0
200 1 58 5
200 2 138 0
200 1 141 0
200 2 127 0
200 1 120 6
200 2 68 5
200 1 43 0
200 2 135 0
200 1 105 0
200 2 56 0
200 1 94 0
200 2 10 5
200 1 49 5
200 2 60 0
200 1 100 0
200 2 17 0
200 1 79 0
200 2 49 6
200 1 12 5
300 2 68 29
200 1 11 0
200 2 4 0
200 1 30 0
200 2 18 0
200 1 30 0
200 2 128 5
200 1 11 0
200 2 12 5
200 1 10 0
200 2 75 0
200 1 66 0
300 2 54 0
200 1 36 0
200 2 9 6
200 1 13 0
200 2 13 0
200 1 75 0
200 2 17 5
200 1 128 5
200 2 30 15
200 1 123 0
200 2 63 0
200 1 54 0
200 2 29 6
200 1 82 0
200 2 2 0
200 1 102 0
200 2 77 10
200 1 73 0
200 2 27 0
200 1 138 0
200 2 127 0
200 1 10 5
200 2 29 0
200 1 17 5
400 1 426 418
200 2 14 0
200 1 81 0
300 2 12 0
200 1 122 0
200 2 98 0
200 1 145 0
200 2 14 6
200 1 51 9
200 2 112 0
200 1 133 0
200 2 75 0
200 1 43 5
200 2 52 0
200 1 22 0
200 2 64 0
200 1 75 0
200 2 64 0
200 1 10 0
200 2 43 0
200 1 79 0
400 1 441 435
200 2 57 7
200 1 73 0
200 2 60 6
200 1 12 0
200 2 11 0
200 1 139 0
200 2 147 0
200 1 69 8
200 2 5 0
200 1 123 0
200 2 129 0
200 1 143 0
200 2 73 0
200 1 78 0
200 2 41 0
200 1 33 8
200 2 137 0
200 1 15 0
200 2 70 0
200 1 60 0
200 2 7 0
200 1 41 0
200 2 11 0
300 1 146 0
200 2 135 0
200 1 117 0
200 2 147 0
200 1 129 5
200 2 30 0
200 1 114 0
200 2 10 0
200 1 143 0
200 2 13 5
200 1 107 5
200 2 64 0
200 1 15 9
200 2 86 9
200 1 60 0
200 2 44 0
200 1 58 0
200 2 14 0
200 1 115 0
200 2 16 0
200 1 139 5
200 2 12 0
200 1 92 0
200 2 3 0
200 1 120 0
200 2 37 0
200 1 70 0
200 2 127 0
200 1 79 5
200 2 128 0
200 1 109 0
200 2 37 0
300 1 43 0
200 2 88 0
200 1 37 0
200 2 137 12
200 1 14 0
200 2 124 0
200 1 80 5
200 2 22 0
400 1 468 492
200 1 102 5
200 2 146 5
200 1 22 0
200 2 133 10
200 1 103 0
200 2 55 15
200 1 128 0
200 2 20 5
200 1 121 0
200 2 101 0
200 1 132 0
200 2 19 7
200 1 51 0
200 2 138 0
200 1 79 9
200 2 38 10
200 1 103 0
200 2 61 0
200 1 72 0
200 2 126 7
200 1 46 0
200 2 59 0
200 1 39 0
200 2 56 0
200 1 42 0
200 2 99 0
200 1 69 0
200 2 50 0
200 1 34 0
200 2 25 6
200 1 119 5
200 2 53 10
200 1 78 0
200 2 55 0
200 1 125 6
200 2 143 0
200 1 44 0
200 2 129 0
200 1 140 0
200 2 86 0
200 1 122 6
200 2 131 0
200 1 133 0
200 2 76 0
400 1 473 462
200 1 81 5
200 2 96 10
200 1 4 0
200 2 37 0
200 1 29 0
300 2 22 0
200 1 41 0
200 2 117 6
200 1 122 5
200 2 79 0
400 1 478 458
200 1 18 11
200 2 102 0
200 1 19 0
200 2 5 0
200 1 109 10
300 2 86 0
200 1 117 5
200 2 142 0
200 1 35 0
200 2 93 0
200 1 102 0
200 2 25 5
200 1 89 0
200 2 26 5
200 1 94 5
200 2 69 0
200 1 74 0
200 2 58 0
200 1 73 0
200 2 147 0
200 1 126 0
200 2 33 0
200 1 34 5
200 2 110 0
200 1 74 0
200 2 51 0
300 1 44 0
200 2 103 0
200 1 15 0
200 2 2 0
200 1 67 0
200 2 105 0
200 1 115 0
200 2 70 0
200 1 46 6
200 2 86 20
200 1 13 5
200 2 37 0
200 1 90 0
200 2 130 5
200 1 85 0
200 2 49 0
200 1 85 0
200 2 16 0
200 1 56 0
200 2 6 0
200 1 48 0
200 2 3 24
200 1 9 0
200 2 88 0
200 1 105 0
200 2 18 0
200 1 84 0
300 2 28 19
200 1 26 0
300 2 133 33
300 1 45 0
200 2 114 0
200 1 42 0
200 2 73 0
200 1 0 5
200 2 59 0
200 1 97 0
200 2 96 6
200 1 144 0
200 2 100 0
200 1 14 0
200 2 65 13
200 1 46 5
300 2 131 0
200 1 118 0
200 2 18 6
200 1 144 0
200 2 16 0
200 1 116 0
200 2 79 10
200 1 37 0
200 2 35 0
200 1 103 0
200 2 138 0
200 1 22 0
200 2 100 0
200 1 52 0
200 2 120 0
200 1 58 11
200 2 43 0
200 1 64 0
200 2 48 0
200 1 2 0
200 2 89 0
200 1 68 22
200 2 39 0
200 1 20 0
200 2 122 0
200 1 119 10
200 2 93 0
200 1 100 33
200 2 80 0
300 1 68 0
200 2 111 5
200 1 19 0
200 2 80 0
200 1 145 5
200 2 89 0
200 1 36 0
200 2 132 0
200 1 47 5
200 2 123 0
200 1 129 0
200 2 1 0
200 1 111 0
200 2 18 9
300 1 139 0
200 2 30 0
200 1 40 5
200 2 0 5
200 1 92 0
200 2 0 0
200 1 26 0
200 2 124 0
200 1 39 0
200 2 0 0
200 1 126 5
200 2 102 0
200 1 117 0
200 2 106 0
200 1 83 0
200 2 31 0
200 1 136 6
200 2 23 0
200 1 24 7
200 2 11 5
200 1 1 0
200 2 60 0
200 1 127 0
200 2 24 0
200 1 65 5
200 2 40 6
200 1 82 0
200 2 27 5
200 1 118 5
200 2 144 0
200 1 0 0
200 2 64 9
200 1 59 5
200 2 118 0
200 1 50 0
400 1 431 412
400 1 431 412
300 2 81 33
200 1 74 0
200 2 53 0
400 1 409 396
200 1 66 0
200 2 116 0
200 1 51 0
200 2 27 0
200 1 80 0
200 2 42 0
200 1 65 7
200 2 98 5
200 1 99 0
200 2 103 0
200 1 50 0
200 2 71 0
400 1 420 409
200 1 54 0
200 2 58 13
200 1 110 5
200 2 136 7
200 1 4 11
200 2 139 0
300 1 66 0
400 1 413 389
