5 100
20
1 8
2 8 1 3
2 1 2 5 6
2 1 1 2
2 3 2 1 6
2 2 1 3
2 4 2 8 2
4 2 3 6 8 5
4 7 0
3 1 6
2 8 2 2 6
2 6 1 2
2 2 1 7
3 6 2
3 6 3
2 3 1 6
2 6 2 2 7
2 1 1 6
2 3 2 5 7
4 8 3 1 7 5
30
1 10
2 6 2 1 3
2 3 1 4
2 1 1 5
2 6 1 2
2 7 2 1 8
2 2 1 7
3 7 2
2 8 1 1
2 2 1 10
2 4 2 8 10
2 2 1 7
2 1 1 2
2 6 2 4 5
2 3 1 8
4 4 4 1 2 5 7
2 1 1 10
2 1 1 4
4 2 4 4 5 8 3
3 10 2
4 3 5 1 2 5 7 10
2 2 1 4
2 3 2 7 10
2 1 2 9 3
2 6 2 9 7
2 2 1 10
3 8 7
2 9 2 5 8
2 4 2 5 9
4 10 5 6 7 8 5 9
40
1 20
2 18 2 3 15
2 1 1 10
2 7 1 3
2 20 2 4 11
2 11 3 13 19 5
2 18 2 1 20
2 9 3 16 2 7
2 14 1 7
2 12 3 4 15 8
4 15 5 1 3 4 8 20
3 11 20
3 7 3
2 15 2 8 17
2 12 3 6 16 19
2 5 1 20
2 4 3 18 5 11
3 15 12
3 9 16
4 11 3 12 20 18
2 14 2 18 1
3 20 4
4 1 5 3 4 7 15 20
4 6 4 4 8 16 19
3 5 4
4 1 5 3 4 7 15 20
4 18 5 5 7 8 10 11
3 12 19
4 5 4 4 13 18 19
2 10 2 2 12
2 11 3 20 15 17
3 8 15
2 11 3 18 2 7
2 4 3 5 6 15
4 14 5 11 3 4 9 10
4 4 5 20 17 1 2 3
2 19 1 8
3 20 18
3 7 9
4 11 5 14 1 3 6 8
100
1 60
2 5 1 6
2 37 3 25 34 50
2 28 1 22
2 59 3 40 55 1
2 41 2 35 22
2 37 1 14
2 50 2 9 29
2 11 2 7 4
2 11 1 40
2 28 3 5 31 13
2 25 3 26 34 41
2 9 2 14 11
2 1 1 37
2 9 1 32
2 35 2 24 38
2 55 2 40 19
2 37 2 38 11
2 19 1 14
2 41 2 48 47
2 26 2 55 16
2 2 3 43 11 23
2 36 1 35
2 42 2 21 30
2 17 2 36 45
2 35 3 59 15 26
2 25 2 4 57
2 49 1 20
2 28 3 16 45 8
2 3 3 33 58 36
3 3 58
4 28 4 6 17 26 41
2 46 1 60
2 57 2 9 58
2 49 3 22 29 44
3 42 21
2 40 2 18 48
2 32 2 3 56
2 36 3 44 19 34
2 37 2 44 2
2 11 1 51
2 54 2 34 20
2 9 1 22
3 40 48
2 31 1 7
3 26 35
2 52 1 30
3 32 9
2 33 1 16
2 3 1 29
2 55 1 43
2 19 1 53
4 26 5 4 19 28 33 34
2 55 3 7 13 9
2 53 2 48 4
2 41 3 54 4 19
2 32 2 53 13
2 30 3 56 9 20
4 44 5 34 1 2 3 11
2 60 3 44 53 29
2 40 1 38
4 26 5 4 7 9 13 19
2 2 3 21 32 25
2 14 1 3
2 52 3 35 49 45
2 54 3 45 48 12
2 48 2 59 58
4 17 5 3 19 28 34 35
2 40 3 56 9 57
4 2 5 4 34 1 3 7
2 57 2 11 39
3 46 60
4 41 5 53 34 36 59 2
2 45 1 6
2 2 3 3 53 38
3 53 48
2 33 2 6 35
2 47 1 15
2 25 2 6 13
2 29 3 23 20 58
2 30 2 28 19
3 34 37
2 56 3 45 17 37
3 18 40
2 60 2 30 48
2 47 3 21 30 45
4 30 5 45 14 22 29 40
2 43 2 28 53
4 55 5 11 14 25 28 30
3 33 6
3 17 36
2 34 1 11
2 29 2 42 31
3 30 42
2 3 2 28 49
2 17 1 38
2 20 3 4 42 55
2 17 2 44 39
3 57 9
4 59 5 9 38 41 7 11
2000
1 500
2 189 4 481 352 354 160
2 362 1 262
2 349 7 43 84 467 421 251 358 219
2 456 6 465 290 52 65 334 125
2 474 2 54 15
2 169 3 391 136 295
2 241 4 112 442 98 216
2 123 1 240
2 53 6 472 148 280 289 450 14
2 299 7 473 214 55 138 380 389 470
2 269 4 487 141 412 190
2 180 2 89 370
2 65 4 316 91 38 394
2 259 3 120 366 209
2 425 7 323 140 436 216 192 264 454
2 326 7 77 19 485 150 478 282 402
2 53 3 306 22 110
2 461 2 207 341
2 478 5 435 43 130 47 63
2 119 4 462 139 268 385
2 297 4 329 305 152 85
2 7 5 28 152 228 429 302
2 208 8 154 205 221 106 69 5 258 393
2 358 4 439 148 139 273
2 41 8 92 104 404 327 147 334 81 295
2 24 4 385 157 184 360
2 207 7 316 243 420 242 283 417 280
2 117 7 218 297 471 29 458 493 137
2 268 5 308 395 61 444 250
2 203 8 161 407 165 11 84 491 163 51
2 59 5 254 67 309 337 401
2 396 3 327 72 111
2 229 3 272 464 393
2 291 2 286 96
2 181 8 347 154 215 269 345 417 71 373
2 86 1 454
2 376 3 78 483 450
2 490 3 24 409 446
2 429 8 102 436 155 269 238 166 231 64
2 8 7 31 386 424 336 139 256 411
2 201 1 378
2 161 1 88
2 299 3 379 142 294
2 289 3 16 412 210
2 249 6 117 323 22 105 86 366
2 454 5 408 384 89 388 36
2 400 8 91 427 320 493 398 444 42 471
2 391 5 40 434 494 344 229
2 298 1 469
2 440 8 12 73 174 215 298 318 309 181
2 29 8 97 326 460 339 442 277 221 365
2 269 4 239 172 409 441
2 123 7 92 327 147 331 403 87 490
2 328 7 490 307 344 341 369 342 98
2 82 1 489
2 392 2 483 331
2 466 7 300 170 294 77 223 82 335
2 233 4 300 358 115 477
2 415 5 28 76 235 446 325
2 237 1 312
2 314 5 42 408 468 306 460
2 285 3 181 77 194
2 148 3 108 181 464
2 200 7 22 68 416 163 62 201 113
2 73 2 432 205
2 309 5 146 18 350 319 225
2 40 5 42 357 302 168 378
2 461 1 85
2 154 5 119 160 304 416 354
2 323 1 493
2 436 6 222 356 288 308 220 280
2 124 8 447 483 309 102 364 100 44 318
2 194 4 173 35 324 122
2 456 4 328 440 131 133
2 201 6 21 367 406 89 159 226
2 478 3 269 65 107
2 318 8 88 354 490 127 29 192 464 457
2 345 5 494 435 285 76 113
2 41 2 461 427
2 437 7 210 39 133 145 191 41 201
2 271 4 212 145 56 340
2 156 3 261 441 468
2 340 5 242 40 291 375 187
2 114 6 361 108 117 24 155 32
2 355 1 168
2 148 2 423 143
2 209 3 174 463 260
2 445 3 495 487 263
2 294 4 40 412 433 381
2 14 1 355
2 63 6 377 58 240 422 281 309
2 309 4 321 119 175 473
2 8 1 223
2 332 7 54 100 82 486 410 33 399
2 257 3 235 12 408
2 66 3 42 487 3
2 402 4 254 131 124 43
2 422 7 196 491 42 115 271 67 18
2 485 6 181 108 219 373 268 240
2 239 8 224 144 88 453 429 486 246 232
2 278 2 114 316
2 372 2 102 35
2 374 2 127 128
2 333 8 419 290 360 390 120 415 468 198
2 483 7 153 471 476 245 76 374 228
2 153 3 321 24 347
2 92 5 19 186 225 108 29
2 312 8 291 82 310 397 56 294 230 129
2 361 5 402 483 435 227 151
2 52 8 252 107 476 377 406 190 373 313
2 219 8 403 365 316 328 419 183 301 422
2 420 2 175 135
2 150 4 334 16 319 22
2 488 5 176 327 139 205 54
2 38 1 186
2 9 5 206 138 367 46 246
2 99 8 383 206 287 310 314 92 279 199
2 40 6 31 198 27 387 114 247
2 191 6 143 15 355 114 215 20
2 252 1 104
2 236 3 348 70 252
2 115 3 334 342 343
2 115 7 169 351 113 133 338 174 118
2 68 2 378 413
2 371 5 251 258 408 351 225
2 311 6 169 397 361 370 424 117
2 423 6 13 321 131 175 404 27
2 77 8 105 241 245 431 195 12 196 314
2 83 4 470 463 265 313
2 117 4 406 144 483 309
2 173 5 394 225 84 400 133
2 30 5 338 2 320 300 357
2 304 3 213 235 356
2 237 1 245
2 351 5 222 155 247 85 220
2 263 4 17 88 397 4
2 460 2 480 393
2 409 6 201 457 489 323 264 159
2 260 3 383 460 51
2 274 7 159 10 347 449 488 352 453
2 292 4 219 7 320 19
2 363 1 181
2 252 5 34 203 485 265 17
2 458 5 218 301 399 250 255
2 50 2 140 56
2 287 2 404 191
2 437 1 289
2 385 2 213 155
2 317 3 441 102 480
2 281 4 229 79 450 354
2 418 6 212 365 102 233 484 254
2 363 6 275 424 449 183 267 38
2 464 7 492 62 97 412 81 400 450
2 299 5 192 174 74 188 18
2 81 8 429 301 65 75 353 367 424 448
2 49 8 36 245 363 437 121 280 464 157
2 140 2 152 233
2 245 2 112 417
2 406 1 393
2 44 1 458
2 229 5 91 448 136 141 224
2 405 4 33 117 154 189
2 253 3 473 125 107
2 345 5 266 310 210 171 69
2 386 1 319
2 146 1 395
2 358 3 177 195 356
2 104 2 187 209
2 411 6 55 319 353 7 84 325
2 80 4 354 191 37 292
2 490 7 203 235 207 326 21 443 222
2 242 8 155 198 154 356 63 253 349 181
2 215 4 140 74 394 390
2 457 8 162 158 250 96 253 288 23 196
2 349 1 24
2 186 5 126 451 90 326 64
2 170 1 244
2 219 3 83 319 334
2 334 7 484 144 139 99 227 155 304
2 41 4 446 447 350 141
2 450 5 495 288 287 52 486
2 116 1 307
2 239 6 264 29 263 69 316 183
2 167 4 243 195 148 9
2 464 1 3
2 341 3 439 271 383
2 395 6 383 10 438 166 131 64
2 125 3 411 387 372
2 125 7 274 69 49 326 290 129 204
2 341 5 142 315 481 200 5
2 264 8 286 75 227 149 329 236 148 61
2 247 2 160 138
2 158 4 372 129 67 17
2 50 3 207 141 69
2 477 6 292 50 57 178 2 302
2 133 8 306 252 277 168 452 195 495 19
2 20 1 71
2 385 1 440
2 406 7 283 230 116 490 424 126 270
2 301 3 83 10 395
2 27 1 269
2 107 5 402 344 373 50 423
2 336 7 46 344 364 212 353 354 239
2 9 5 235 83 461 334 240
2 399 2 291 417
2 324 8 71 213 120 369 162 298 334 182
2 307 1 49
2 387 1 415
2 26 2 356 92
2 489 8 363 12 170 57 117 485 174 207
2 42 6 418 50 371 14 329 277
2 119 6 22 293 314 37 159 45
2 236 6 75 432 87 190 92 310
2 64 2 351 416
2 214 7 255 434 225 348 272 393 467
2 371 2 31 211
2 26 6 492 235 86 90 407 345
2 305 4 83 63 433 53
2 111 6 228 218 426 114 12 498
2 403 3 322 296 30
2 29 4 362 370 16 421
2 300 8 429 217 255 219 102 69 495 288
2 61 7 494 383 54 384 11 408 378
2 468 3 326 486 135
2 318 1 389
2 349 1 450
2 211 3 445 317 391
2 198 1 305
2 339 4 103 475 218 302
2 264 1 22
2 315 8 158 113 469 473 212 115 145 122
2 248 6 182 85 442 268 208 42
2 335 4 475 429 192 47
2 7 4 150 331 1 474
2 238 4 303 354 58 235
2 384 2 288 210
2 332 5 403 259 363 285 95
2 496 5 176 107 207 379 250
2 205 8 152 101 224 168 166 241 70 458
2 456 2 17 359
2 180 7 193 333 377 375 253 72 10
2 278 3 139 189 116
2 8 2 307 156
2 35 5 216 151 88 167 212
2 366 3 359 354 258
2 210 6 400 18 28 248 449 425
2 291 2 437 126
2 247 6 287 192 439 39 397 255
2 427 2 418 173
2 70 4 369 46 143 40
2 199 7 92 40 61 372 369 165 189
4 92 5 326 87 90 147 310
2 224 4 44 40 217 55
3 389 318
3 395 268
2 289 6 34 345 389 63 330 480
2 38 2 260 347
3 456 52
3 384 288
2 309 6 248 445 197 422 87 69
2 309 5 171 217 135 399 341
2 238 2 129 29
2 194 2 26 450
3 198 333
2 449 6 198 392 293 332 98 271
3 324 194
3 117 489
2 241 8 243 456 71 79 280 269 90 100
3 327 488
3 366 359
2 499 5 187 70 265 192 15
2 433 2 184 422
3 425 323
2 492 5 109 95 471 209 486
2 390 7 107 161 456 241 365 323 114
3 420 175
3 316 278
2 21 3 224 78 230
2 496 6 234 103 416 157 314 66
2 49 1 332
3 494 391
2 394 1 341
2 416 5 313 157 164 63 43
3 443 490
2 206 2 256 288
2 109 2 168 15
2 345 3 272 164 230
2 271 7 103 66 425 238 76 47 177
3 216 35
3 100 241
2 210 4 407 262 356 387
2 342 3 338 229 156
4 242 5 40 304 305 358 416
3 133 173
3 262 362
3 84 203
3 324 71
3 27 40
3 340 271
3 440 298
3 255 247
2 239 4 145 330 444 19
2 409 2 392 336
2 220 6 313 485 190 498 261 326
2 398 3 244 256 77
2 369 6 141 77 116 323 305 67
3 112 245
2 136 2 218 264
2 202 5 222 119 143 274 29
3 181 440
3 265 499
2 68 2 224 348
2 441 8 355 285 290 86 428 139 475 406
2 416 6 361 324 261 159 255 203
2 410 5 451 48 442 296 360
2 495 5 84 403 60 180 197
2 300 6 257 365 272 88 436 86
2 57 4 301 232 179 186
3 354 238
2 353 5 459 355 156 243 108
3 369 116
3 378 61
3 269 478
3 297 85
2 334 3 443 469 6
3 398 400
2 433 3 132 396 198
2 151 5 159 198 363 34 161
2 478 2 253 116
2 452 3 195 451 161
2 492 5 52 316 182 247 173
2 7 7 309 324 92 114 203 490 118
3 261 416
2 355 4 109 52 83 367
2 393 1 235
2 223 5 492 249 426 158 284
3 271 177
2 9 3 289 79 51
3 392 483
3 417 399
2 46 7 470 79 119 1 130 322 282
4 347 5 363 10 24 65 71
2 24 4 429 72 476 398
3 411 84
3 320 400
2 249 2 330 85
2 452 6 9 293 437 416 275 118
3 301 219
2 223 8 469 375 248 79 45 152 451 136
2 316 8 101 370 22 23 95 447 212 410
2 119 5 68 190 307 292 461
3 412 294
3 223 45
3 59 309
3 102 429
2 271 4 117 59 29 247
2 369 7 47 13 281 124 386 90 174
3 227 334
3 446 415
2 185 5 374 108 139 252 22
3 83 470
2 143 4 438 60 186 241
2 152 4 401 384 208 221
2 356 2 82 421
2 245 8 333 79 286 336 226 177 260 214
3 421 356
3 23 316
2 103 3 319 444 486
3 252 52
3 169 295
2 114 6 389 146 322 210 491 151
3 236 70
3 42 400
2 408 4 195 246 457 90
2 384 5 472 194 496 486 103
2 186 4 74 477 295 197
2 442 1 295
2 448 7 231 363 384 451 413 157 91
2 41 1 98
3 113 315
3 239 246
2 329 2 183 187
3 418 212
3 393 235
2 476 7 319 367 396 316 253 122 154
2 466 1 262
2 429 3 455 384 295
2 456 6 415 467 352 267 488 229
3 117 406
3 301 10
2 395 1 379
3 340 291
2 150 7 116 122 290 321 44 119 496
2 120 2 451 374
3 429 239
3 360 333
2 123 3 350 122 234
3 446 41
2 279 6 426 487 307 390 296 462
2 407 2 109 446
3 240 123
3 170 466
3 138 9
2 33 5 282 141 436 227 315
2 487 4 313 392 62 221
3 379 395
2 285 7 34 417 392 337 351 214 432
2 265 6 61 467 390 311 401 448
2 421 8 254 81 344 68 322 391 481 181
2 79 7 92 260 87 28 51 317 257
2 249 2 37 52
2 259 1 149
3 19 92
3 44 458
3 447 316
2 102 2 342 112
3 498 220
3 393 460
3 156 441
2 500 3 21 397 75
2 86 2 267 261
2 130 7 246 245 366 178 153 452 399
3 472 384
2 342 2 477 443
3 256 206
3 40 31
2 306 4 402 190 294 220
2 88 2 169 65
2 90 2 292 180
2 395 1 305
2 351 5 289 457 19 379 492
2 174 2 457 103
3 209 174
3 418 365
3 317 480
2 170 1 77
2 436 3 225 219 139
2 453 8 458 436 88 5 447 115 25 480
3 158 223
3 132 433
3 133 195
2 257 4 114 479 73 287
3 395 131
3 256 8
3 294 433
3 186 477
3 257 479
4 432 5 34 75 77 87 92
2 170 4 363 439 312 402
2 282 7 281 169 321 194 234 490 136
3 243 241
2 254 5 348 460 46 114 464
2 453 7 387 461 470 440 487 465 216
3 322 46
2 94 7 439 208 262 87 139 330 266
3 29 421
2 336 2 120 174
2 469 2 218 215
2 170 1 299
2 477 2 121 419
2 146 7 134 487 321 358 268 317 69
3 122 476
3 273 358
2 287 7 24 454 361 275 400 479 323
2 326 1 289
3 343 115
3 124 100
3 32 114
3 258 208
2 276 1 455
2 127 3 484 77 387
2 11 5 325 83 484 60 392
2 13 5 54 33 116 386 235
2 31 5 50 143 322 93 252
2 139 4 395 74 92 176
2 190 6 42 378 401 88 159 195
3 154 405
3 387 127
2 379 6 121 184 401 144 152 146
3 91 400
2 279 8 57 221 461 344 406 315 130 464
2 307 8 253 124 84 436 255 250 314 364
3 249 37
2 106 8 225 156 238 97 365 453 378 145
2 218 5 177 150 21 287 452
3 176 496
2 4 4 59 123 374 264
2 242 2 268 250
2 171 6 442 279 480 258 359 213
3 401 265
2 47 5 235 78 413 277 272
2 84 1 264
3 142 299
2 314 3 162 444 251
2 228 4 117 20 161 457
2 174 7 111 132 491 91 87 106 210
2 424 2 60 452
3 292 119
2 492 6 447 40 67 47 46 352
3 280 241
3 1 7
3 31 143
2 210 6 451 165 391 23 48 84
2 93 2 297 154
2 365 5 272 342 483 337 294
2 477 3 190 27 405
2 134 8 76 20 308 32 63 141 250 477
2 124 1 354
2 125 4 74 203 17 120
2 58 2 48 260
2 229 4 108 251 244 182
2 238 3 1 227 363
2 61 8 473 171 462 210 369 482 464 203
2 7 5 475 1 455 188 418
3 266 94
2 135 2 94 244
3 136 223
2 414 1 65
3 284 223
2 463 1 469
2 487 2 107 275
3 181 154
2 44 3 133 375 337
2 112 5 177 376 485 101 41
3 148 108
3 285 181
2 148 5 7 407 481 106 52
2 463 3 419 35 167
3 366 249
4 196 5 12 18 23 42 63
3 329 183
2 341 6 70 462 135 391 221 364
2 144 6 396 206 162 352 236 307
2 106 3 483 380 112
2 89 5 363 112 167 169 377
2 24 6 223 37 363 483 16 494
2 476 7 30 467 281 286 424 372 39
2 456 5 211 305 408 49 69
2 177 2 429 60
2 174 1 364
2 344 2 105 477
3 90 292
2 88 1 465
2 400 2 162 371
2 38 3 329 392 88
3 78 47
3 461 341
2 101 5 175 322 254 475 188
3 493 400
2 493 7 171 241 266 440 408 98 222
3 405 117
3 146 309
3 263 445
2 80 6 386 171 140 241 363 36
2 269 7 342 303 220 24 195 362 244
2 472 7 279 446 21 330 475 186 419
2 117 6 387 359 390 411 208 467
2 309 2 32 4
3 41 295
2 224 3 145 294 64
3 8 223
2 134 5 489 303 297 104 4
2 22 1 303
3 267 86
2 288 8 21 348 488 318 334 394 195 345
3 72 180
3 156 468
3 239 330
2 379 3 472 447 205
3 423 13
2 329 5 463 216 131 191 43
2 422 3 412 426 487
2 30 7 86 49 95 115 258 478 383
2 68 8 24 138 279 261 217 147 388 262
2 348 2 416 485
2 1 3 409 311 413
2 334 6 463 145 364 195 491 231
2 484 3 143 173 14
3 70 369
2 117 8 175 462 50 243 20 248 157 199
3 380 299
2 221 3 182 446 334
2 87 1 334
2 261 6 73 462 350 307 382 434
3 95 316
2 305 3 238 251 468
2 181 3 426 234 310
2 350 1 274
3 412 289
3 349 84
3 204 125
2 205 5 408 329 295 478 286
2 363 8 136 109 78 335 57 252 17 295
2 323 5 307 204 147 92 8
3 173 492
3 292 219
2 397 6 414 106 155 178 348 158
3 468 305
2 264 5 161 361 378 439 158
3 113 115
2 236 1 47
4 173 5 210 371 418 11 14
2 500 6 133 358 38 357 408 29
3 339 475
2 231 8 110 472 317 139 298 208 127 403
3 333 419
2 450 4 13 77 462 324
3 208 5
3 387 117
3 395 301
3 172 269
3 401 59
3 486 450
3 348 254
3 128 374
3 24 184
3 102 300
2 481 2 446 495
2 459 2 209 130
3 31 252
2 54 3 186 236 102
3 303 134
3 51 260
3 219 403
2 349 3 368 429 392
2 419 2 170 117
2 52 8 55 110 119 35 432 274 88 320
3 391 169
3 236 348
3 264 227
3 441 290
2 129 4 445 393 340 20
3 417 207
2 216 5 230 428 75 408 30
3 27 477
2 42 2 335 131
2 258 7 350 122 444 499 108 407 266
2 151 8 372 36 210 193 225 273 102 31
2 137 3 453 481 253
2 216 5 152 55 176 174 264
2 103 4 114 64 160 30
2 74 3 385 86 318
2 50 3 373 294 282
3 13 235
2 287 4 85 169 391 214
2 229 2 466 125
2 13 2 283 169
2 29 6 47 82 375 344 37 157
2 419 8 52 436 346 136 79 148 152 250
2 491 1 67
2 90 2 458 99
3 105 249
2 214 2 91 142
2 389 3 462 242 135
2 366 6 296 291 224 106 63 127
3 305 63
2 68 7 439 274 236 322 35 158 422
2 81 3 295 234 84
3 331 123
3 296 279
2 409 1 391
2 266 7 143 344 465 394 481 498 28
2 493 5 234 383 174 314 51
2 427 4 63 263 401 487
3 401 190
2 483 5 251 242 430 74 301
3 168 355
3 179 57
2 280 1 305
2 145 8 180 447 114 88 306 197 29 486
3 376 112
2 263 7 389 388 482 199 89 127 305
3 434 214
3 5 453
3 288 300
2 303 7 261 251 250 419 347 315 242
2 145 2 195 364
3 254 460
2 400 8 238 66 348 201 261 243 196 275
2 157 8 363 465 161 372 243 308 182 344
2 161 7 260 435 102 328 386 394 323
3 351 220
2 429 4 267 71 9 277
2 165 6 289 281 416 408 337 180
2 108 3 342 26 133
2 195 1 434
2 251 3 15 204 139
3 321 153
2 301 3 84 211 269
2 7 2 166 104
3 359 456
3 62 464
3 316 22
2 292 3 378 65 283
2 207 7 358 177 149 422 281 500 226
3 342 365
2 91 8 212 333 498 473 465 222 295 258
3 234 493
2 129 4 188 166 397 305
3 125 17
2 135 8 25 347 479 314 494 368 238 243
2 213 5 472 354 415 360 331
3 282 169
2 274 6 304 321 21 390 110 254
2 183 6 419 475 154 53 182 268
2 49 8 315 126 48 57 194 68 118 96
3 432 73
2 421 4 441 34 143 303
2 362 1 82
2 489 8 38 281 9 439 221 161 267 157
2 431 1 402
3 76 134
2 67 8 300 5 468 481 314 401 132 220
3 269 429
2 16 2 397 134
2 96 6 433 340 139 282 194 165
3 361 287
3 281 489
2 179 8 3 97 451 480 48 4 122 499
2 425 6 15 463 149 327 352 267
3 316 476
2 95 7 497 65 245 135 48 140 189
2 476 5 324 259 313 328 199
2 120 5 484 412 108 100 46
2 382 2 16 445
3 207 177
3 470 453
2 361 5 468 193 268 308 289
3 304 235
2 239 2 130 64
3 452 293
2 318 4 396 372 476 55
2 47 3 462 250 60
3 229 244
2 207 7 414 222 165 58 260 254 331
2 354 4 456 219 489 434
3 337 285
3 471 492
2 84 6 389 314 491 111 92 410
2 38 4 127 402 23 412
3 14 355
2 304 5 234 425 22 241 271
2 330 5 482 133 365 343 154
2 342 2 196 166
2 292 1 1
3 414 207
2 482 5 4 208 285 446 149
2 31 3 308 441 475
2 236 8 139 259 128 339 466 419 500 440
4 16 5 326 37 63 157 500
3 221 152
3 268 61
2 351 7 60 213 122 419 372 166 282
2 246 1 315
2 250 3 48 430 89
2 411 1 89
2 186 3 338 275 496
3 269 190
3 136 264
3 285 392
3 360 24
2 438 7 481 445 306 480 404 423 246
2 286 4 450 443 403 457
2 29 2 468 66
2 366 6 36 1 114 363 263 451
2 154 4 64 180 288 432
2 154 6 332 444 112 39 219 470
2 281 1 315
2 491 5 238 432 297 151 241
3 72 396
2 28 8 316 439 134 21 103 156 390 159
2 363 3 226 288 318
3 363 157
2 243 5 165 356 360 447 405
2 120 6 206 153 439 452 265 372
3 334 41
2 340 6 64 116 314 279 321 431
3 462 341
3 454 86
2 423 7 103 483 72 496 136 498 486
3 120 372
2 330 8 63 266 314 23 279 297 72 218
3 438 480
3 351 64
2 151 6 300 302 442 418 125 162
3 480 179
2 176 6 373 412 130 451 79 338
3 241 112
2 467 1 416
2 472 7 166 94 109 274 494 162 269
3 491 334
2 289 5 347 98 455 435 162
3 474 54
3 64 224
2 20 2 449 317
3 208 393
3 314 493
2 78 7 276 1 74 453 264 494 238
3 289 162
2 297 5 322 428 44 283 326
3 135 94
2 450 1 385
2 302 2 344 452
2 406 1 310
2 479 5 147 422 137 79 118
2 130 2 464 72
2 244 3 285 172 208
3 395 166
2 224 3 342 187 168
3 376 483
3 216 75
2 133 3 196 135 284
2 414 6 292 6 57 34 326 459
2 313 8 465 388 221 82 342 335 459 260
2 195 6 324 410 353 263 168 52
4 87 5 92 139 440 4 9
2 474 7 446 252 50 485 467 468 49
3 46 336
2 474 2 88 497
4 153 5 46 72 245 374 452
2 477 6 310 358 5 445 227 122
3 21 230
2 293 2 204 462
4 39 5 160 24 30 40 41
2 121 5 338 343 342 361 59
2 295 6 137 39 74 131 231 414
2 384 6 464 285 3 368 18 20
3 462 293
2 85 8 187 82 315 484 388 93 119 411
2 352 5 163 437 439 475 153
2 43 6 171 136 35 444 105 217
3 473 309
2 413 6 136 88 34 422 475 295
3 487 279
3 433 184
2 299 2 130 32
2 472 6 102 340 292 276 107 434
2 478 7 355 15 370 323 110 5 261
3 25 453
2 458 5 357 257 459 373 273
2 297 4 273 354 13 307
2 96 8 14 317 311 185 153 425 270 51
4 305 5 13 17 49 125 139
3 254 421
3 268 119
3 435 161
2 491 4 37 385 3 239
3 64 340
4 370 5 47 65 117 145 239
2 102 3 62 457 64
2 176 1 227
3 127 318
2 63 4 2 190 36 121
2 214 1 394
2 426 7 398 490 445 168 199 328 26
3 312 170
3 422 271
3 392 38
3 166 7
3 486 423
2 345 3 455 365 228
2 418 6 227 84 91 394 241 279
3 123 234
3 46 1
2 429 2 259 209
3 432 236
2 487 7 341 222 59 397 419 153 428
3 4 59
2 4 7 65 187 62 12 360 421 338
3 189 160
2 158 8 251 385 173 59 26 270 179 396
3 151 159
3 349 392
2 460 3 8 103 283
3 99 310
3 340 187
2 267 1 439
2 115 8 377 20 45 89 485 87 461 218
2 401 4 250 371 417 6
3 28 7
3 191 215
3 479 135
3 63 422
3 173 84
2 327 4 346 10 112 121
3 60 177
2 418 2 311 374
2 135 1 414
2 103 7 263 370 8 380 266 17 175
3 198 151
2 339 1 87
3 292 378
2 24 8 179 170 491 127 275 440 268 29
3 139 358
3 249 85
3 319 386
2 51 8 33 217 192 61 253 438 480 20
3 342 338
2 390 8 23 110 75 229 247 295 177 81
2 337 8 130 212 7 71 39 303 250 268
3 104 41
3 65 88
2 289 8 458 453 415 500 194 13 265 365
4 248 5 18 24 29 50 69
3 474 49
3 450 324
2 435 6 109 143 446 94 185 178
4 22 5 52 68 139 148 154
2 102 5 34 271 301 109 2
3 486 468
3 117 311
3 103 160
2 498 5 140 406 299 170 450
3 355 52
3 459 130
3 170 419
2 345 7 53 244 461 9 131 152 429
2 423 4 98 30 334 272
3 142 341
3 394 161
3 258 30
2 305 2 283 292
3 327 425
2 443 5 91 476 241 498 14
2 356 1 236
3 63 190
2 179 1 116
2 82 5 67 28 64 483 198
2 441 1 148
2 430 5 399 369 420 480 407
2 455 5 147 250 240 475 430
4 77 5 24 244 402 13 52
2 38 3 158 165 64
3 296 366
4 428 5 152 269 329 453 13
2 141 6 389 499 238 164 375 18
3 253 180
3 475 441
2 387 8 480 165 478 284 212 113 23 364
2 315 5 477 322 97 380 358
2 178 6 432 497 394 129 301 64
2 47 1 209
2 95 6 211 365 453 423 307 50
3 96 457
3 2 63
3 3 384
3 75 236
3 161 452
2 192 1 452
2 89 8 384 24 406 52 404 307 152 49
4 195 5 88 9 89 148 239
3 259 236
3 293 204
3 3 179
3 109 102
2 42 7 137 294 216 17 411 199 288
3 272 423
4 474 5 95 104 117 203 265
2 439 1 328
3 365 106
2 445 4 147 374 457 379
3 469 218
2 202 4 392 436 295 176
3 302 40
2 215 6 481 355 403 389 47 365
2 304 1 471
2 17 8 179 350 468 37 141 426 281 430
2 485 8 399 311 469 459 390 95 88 472
3 464 61
3 328 490
2 488 6 496 355 158 174 68 64
2 102 2 386 58
3 371 401
3 282 46
2 415 8 371 306 273 462 218 151 428 170
2 282 2 166 444
3 280 49
2 182 7 241 219 206 106 305 471 355
2 36 4 20 397 343 214
2 13 2 156 16
3 38 65
2 360 6 210 65 275 476 127 94
3 264 78
2 234 7 97 119 83 288 158 219 217
3 157 372
2 455 6 236 171 210 437 471 470
3 269 303
2 229 3 340 145 497
2 462 2 379 359
3 203 163
3 162 151
3 379 462
2 444 6 37 159 305 136 459 231
3 464 229
2 458 4 259 63 307 16
2 30 5 11 124 116 313 93
3 42 190
2 289 2 77 262
2 179 5 301 164 36 132 98
3 167 195
2 348 1 401
3 88 465
3 423 95
2 190 6 446 70 480 475 68 318
2 213 1 112
3 5 341
3 195 324
2 159 6 129 82 103 349 324 331
2 29 8 182 404 153 161 71 137 469 328
2 78 5 205 121 133 165 62
2 438 6 194 440 498 466 217 359
3 110 274
2 124 8 375 200 261 270 189 58 174 486
2 93 5 305 117 240 314 7
3 217 438
2 239 2 99 287
2 213 4 159 164 196 452
3 80 292
3 458 205
3 201 367
3 133 306
2 321 3 439 427 231
3 454 388
3 301 178
3 167 9
2 137 4 377 489 268 273
2 180 3 424 65 98
2 130 4 76 82 161 231
3 288 488
2 16 3 354 63 490
3 27 269
2 373 5 395 115 119 420 23
2 89 7 2 248 489 383 326 146 438
3 77 369
2 493 7 127 255 327 131 438 74 451
3 315 212
2 473 1 259
2 358 8 275 76 234 332 200 202 288 260
2 458 5 439 199 268 404 321
2 77 3 71 167 93
3 171 480
3 213 196
2 296 3 54 101 24
2 176 6 204 330 428 88 309 224
2 32 6 488 390 329 160 254 228
4 455 5 9 41 47 48 53
2 221 3 283 240 143
3 164 141
3 355 353
2 216 8 278 341 393 432 88 211 129 188
3 276 455
2 161 7 314 32 85 243 109 63 324
3 202 436
2 317 5 378 500 495 412 415
2 468 1 85
3 152 223
2 464 7 50 136 26 445 66 425 38
2 414 2 312 317
2 218 5 89 123 187 328 160
2 149 1 69
3 487 107
3 91 174
2 472 3 233 160 161
2 404 4 448 234 323 184
3 437 49
3 39 295
3 3 464
2 34 8 497 199 338 185 434 235 140 416
2 266 7 77 74 477 288 308 482 155
3 256 398
2 399 6 155 99 496 271 493 153
2 35 2 216 135
2 176 6 411 455 486 494 161 167
2 199 2 290 178
2 113 2 341 78
3 96 282
3 370 316
3 27 423
3 358 148
2 249 4 437 7 459 435
2 30 3 117 399 89
2 392 6 225 129 142 440 164 153
2 451 5 125 46 74 64 400
2 155 3 68 314 73
3 215 355
3 420 207
2 12 7 95 391 494 132 313 284 73
2 330 8 180 219 100 32 463 305 363 282
2 189 1 282
3 330 365
3 363 38
2 309 2 412 233
3 80 36
2 16 7 429 454 10 28 322 439 332
2 48 1 265
2 109 3 204 425 257
2 230 7 196 294 270 220 65 378 31
3 421 181
2 315 8 296 193 37 227 426 66 183 372
2 260 1 371
3 359 171
3 173 394
2 459 5 214 476 399 257 178
4 192 5 9 15 55 74 96
3 208 106
2 290 6 190 430 374 497 370 440
2 371 6 243 98 273 337 206 423
2 3 1 151
2 169 4 495 26 368 148
3 394 288
3 211 317
2 240 1 333
2 246 3 48 203 457
2 85 4 174 210 199 425
2 178 2 448 321
3 210 114
3 408 456
2 380 2 253 70
2 14 3 470 68 477
3 217 300
3 293 449
2 24 1 61
2 429 2 291 35
3 332 100
3 408 246
2 333 2 466 407
2 457 3 208 49 178
2 490 5 341 49 420 96 209
2 129 2 218 381
2 228 2 288 76
2 344 3 425 207 415
3 71 20
3 63 121
2 37 8 83 35 84 234 204 266 127 369
3 64 395
3 230 294
2 422 2 328 389
2 170 8 362 189 73 404 351 317 378 136
2 266 8 26 156 118 171 284 370 304 312
3 342 229
2 38 5 397 205 436 68 369
2 95 1 173
2 275 4 265 245 236 323
2 380 8 142 408 427 139 358 364 418 498
2 498 5 268 355 30 213 188
3 391 421
3 416 63
3 341 113
3 162 457
3 202 29
2 236 5 290 70 206 163 96
3 198 449
3 369 61
4 440 5 74 87 124 190 491
2 233 2 177 164
3 317 441
3 466 223
2 59 2 12 201
2 474 1 450
2 61 4 21 215 77 425
2 131 7 43 86 234 79 100 123 319
3 136 464
2 127 1 390
2 78 3 243 285 469
2 494 5 428 288 401 107 291
3 280 305
2 130 8 429 406 490 170 479 166 26 145
2 283 3 252 242 65
2 185 6 210 248 428 434 259 206
2 393 3 449 380 386
2 108 2 463 295
2 21 7 365 376 297 450 87 482 55
2 204 6 63 66 95 335 10 393
2 390 2 138 304
2 415 4 247 152 410 238
2 217 8 141 48 71 378 26 427 47 342
2 437 7 339 397 424 20 47 69 135
2 23 8 79 53 83 488 478 19 26 378
3 283 13
2 451 8 393 180 82 360 441 188 319 427
4 354 5 363 63 134 174 330
3 251 314
2 368 4 301 8 320 257
3 453 487
2 443 8 77 63 130 418 46 178 190 378
2 496 2 466 284
2 47 8 375 191 238 420 294 96 244 230
2 253 2 293 162
2 193 8 131 264 235 162 261 31 21 206
2 326 5 42 205 330 354 432
2 102 8 241 144 337 354 456 171 466 454
2 120 3 488 60 405
3 116 278
2 379 4 116 437 286 123
3 438 359
2 56 2 483 186
3 271 117
2 389 3 24 163 251
3 229 340
3 384 486
2 314 7 333 310 353 313 215 334 258
3 497 474
2 368 8 486 353 336 37 243 280 453 277
2 1 4 362 326 375 384
3 477 122
3 429 436
3 342 121
3 72 24
3 411 7
2 268 1 71
2 225 3 161 206 474
2 189 3 134 181 410
2 229 4 379 341 414 335
3 276 78
3 30 124
2 231 1 81
3 375 180
2 319 6 139 282 206 294 14 347
3 228 7
3 268 71
3 244 285
3 117 419
3 479 147
2 120 7 44 349 185 190 176 145 261
3 155 266
3 449 98
3 177 218
3 112 102
3 82 130
3 166 351
3 419 79
2 470 7 400 32 499 330 38 205 288
2 304 3 246 145 349
2 5 8 288 237 323 35 269 398 299 488
3 79 9
3 266 498
2 89 5 165 427 227 151 272
2 421 2 340 386
4 353 5 8 135 42 77 84
4 231 5 390 94 166 178 9
2 123 4 86 481 461 190
3 55 299
2 272 4 163 291 463 375
3 38 88
3 387 165
3 464 384
2 262 5 325 355 87 123 332
3 251 305
4 483 5 29 30 114 130 268
2 223 8 135 303 383 378 68 305 60 160
3 472 379
3 450 194
2 436 2 290 395
2 329 4 146 317 243 116
2 410 8 61 210 225 279 457 45 6 5
2 175 1 429
3 441 269
3 346 327
2 426 2 51 149
2 209 5 352 494 234 370 390
3 283 242
3 253 137
3 493 74
2 151 2 30 140
2 278 1 440
2 425 5 414 478 181 3 300
2 491 8 497 140 224 419 104 130 292 207
2 345 5 283 393 153 23 117
2 74 1 434
3 304 356
2 265 2 394 5
3 429 267
2 181 7 491 164 3 166 322 302 206
2 200 3 480 231 470
2 7 5 199 19 43 330 497
2 495 2 79 307
3 400 427
2 388 6 278 189 477 240 473 199
2 458 4 413 158 305 14
3 326 414
2 446 1 60
2 191 1 77
3 380 103
2 20 7 229 439 60 98 62 109 178
2 216 6 308 100 312 263 449 344
2 453 1 267
3 294 40
2 417 5 150 98 396 460 257
3 498 423
2 462 2 241 306
2 154 3 363 172 143
2 423 8 342 400 161 360 48 10 122 28
2 213 4 272 249 78 441
3 349 467
2 479 2 141 331
2 94 7 499 255 188 332 403 455 195
2 184 5 373 306 247 90 407
2 191 6 68 431 207 430 181 365
2 287 1 245
2 492 2 418 231
2 100 6 285 58 147 150 92 85
3 218 150
2 365 7 171 12 116 411 230 36 339
3 81 84
2 396 4 383 316 56 19
4 393 5 20 125 176 188 210
2 3 5 422 129 392 163 490
2 313 2 62 140
2 97 5 205 128 263 446 404
3 141 238
3 488 68
2 482 6 463 84 47 198 368 145
2 309 8 131 297 294 485 132 431 224 372
3 100 131
3 88 239
2 454 5 457 284 267 79 175
2 89 1 262
3 374 120
2 236 8 343 285 281 267 188 473 250 377
2 249 3 132 313 248
3 123 327
3 288 436
3 267 489
2 72 7 135 327 310 8 247 444 472
2 276 7 33 398 362 131 430 253 169
2 172 4 339 361 474 48
2 472 2 407 203
2 452 3 87 388 500
2 106 3 93 267 441
2 301 6 63 106 251 3 29 225
2 188 1 295
2 372 6 34 463 205 7 74 70
3 238 1
3 68 35
3 407 109
2 210 1 377
2 353 7 216 449 146 175 204 493 482
2 63 7 73 381 361 269 212 408 27
2 271 2 140 392
2 28 2 229 405
2 287 3 337 328 39
3 301 269
2 21 4 400 314 327 360
2 447 7 37 234 350 139 371 455 297
2 63 2 314 467
2 454 3 27 75 158
2 68 7 441 297 244 181 305 398 195
2 285 6 286 86 211 204 436 166
2 79 3 50 395 297
2 268 4 134 188 423 285
3 337 130
2 2 2 132 188
3 190 123
3 356 436
3 134 20
2 165 7 381 167 206 336 321 164 85
2 85 6 223 383 5 339 285 124
2 159 6 192 278 189 72 175 387
3 458 259
2 224 8 383 438 87 118 397 198 162 265
3 487 221
3 492 447
3 445 211
2 162 8 161 139 332 341 38 215 441 55
2 445 3 143 466 50
3 259 332
3 96 433
2 345 6 265 490 205 466 459 221
2 277 6 96 66 159 472 62 450
3 379 152
3 381 63
3 67 491
2 275 5 415 254 256 126 31
2 111 8 340 440 313 259 468 181 381 41
3 108 295
2 238 2 245 161
2 73 8 371 479 83 270 31 135 402 59
2 141 5 336 296 471 312 332
2 62 6 141 201 55 206 297 52
2 75 3 53 342 128
2 284 1 452
2 335 4 285 343 231 441
3 443 46
2 59 1 451
3 87 79
3 237 312
2 391 4 474 305 253 35
3 273 415
2 376 6 349 35 470 66 197 190
2 276 8 61 223 273 115 171 99 76 248
2 251 5 179 203 286 205 471
2 489 3 97 333 149
2 407 2 93 261
3 251 286
3 222 202
2 481 8 257 379 294 42 233 231 478 176
2 252 7 418 450 413 404 177 306 419
3 70 190
3 281 369
3 146 317
2 159 5 25 348 404 137 321
2 142 7 172 352 179 299 86 451 154
3 420 373
2 64 4 220 231 30 10
3 457 158
3 374 4
2 147 6 73 281 287 218 373 143
3 59 12
2 154 4 224 238 256 285
3 333 468
2 475 8 439 6 448 70 142 344 179 125
2 143 1 156
2 211 7 277 105 94 439 474 81 91
2 377 1 476
2 275 4 312 339 297 304
2 429 5 187 128 182 382 266
3 118 479
2 102 6 315 183 133 489 239 307
2 31 4 316 276 283 69
3 487 146
2 306 3 461 397 495
2 50 8 264 274 45 39 392 103 391 471
2 249 5 94 67 344 453 261
2 230 2 480 307
2 264 4 232 374 490 155
2 329 8 376 248 315 17 468 99 177 238
2 265 2 235 398
3 374 264
3 403 30
2 91 8 228 159 436 383 412 308 497 356
2 48 5 372 289 111 110 206
3 6 334
2 72 5 272 74 53 127 343
3 118 7
2 6 5 382 155 109 32 42
2 49 5 447 135 409 42 129
3 464 412
3 95 50
3 107 50
2 39 5 238 313 315 472 368
2 136 8 109 10 95 281 233 28 485 312
3 398 77
2 348 6 27 456 103 452 308 263
2 91 1 300
2 230 6 369 451 168 162 29 71
2 43 3 231 474 11
2 292 7 37 499 36 478 197 215 372
2 267 8 209 182 66 239 180 438 13 491
3 63 458
2 315 1 113
2 2 1 472
3 34 235
3 226 363
2 435 2 146 47
3 319 294
3 478 261
3 303 347
2 395 2 238 25
2 231 8 451 427 467 48 36 87 372 69
2 491 3 287 391 193
2 368 1 104
3 267 363
3 389 141
2 111 3 83 392 445
2 162 8 251 209 103 158 373 169 203 331
3 249 67
3 249 22
2 386 7 376 68 212 434 464 302 344
2 355 5 356 117 167 424 157
3 281 207
2 321 8 372 467 353 348 103 328 445 341
2 476 3 489 308 418
2 279 7 237 239 87 131 166 421 62
3 77 167
2 378 6 193 410 327 100 400 215
3 446 190
3 406 130
2 96 6 293 448 351 214 20 385
2 380 3 456 235 497
2 427 4 469 48 45 485
2 63 5 494 481 108 444 453
2 230 6 173 128 418 134 337 474
3 212 91
2 47 5 227 72 164 348 206
2 116 1 313
2 293 6 444 416 357 256 324 208
2 422 1 236
2 416 8 85 339 453 77 240 205 351 413
3 68 261
3 218 123
2 381 8 69 458 302 383 344 270 189 338
3 23 488
2 475 6 13 304 353 305 459 36
2 61 1 174
3 20 178
2 136 1 53
2 57 6 195 248 379 114 421 61
3 487 275
2 79 1 45
2 191 8 495 139 242 49 389 340 202 209
2 495 2 269 439
3 124 447
2 214 6 151 181 56 126 26 227
2 239 6 148 155 401 174 66 122
2 320 6 357 182 359 188 21 186
2 91 3 92 373 459
3 86 285
2 217 1 434
2 73 8 424 239 355 78 165 451 127 412
2 333 1 480
3 398 68
3 236 163
2 343 7 285 158 456 281 48 114 197
3 62 20
2 348 6 267 141 174 268 122 258
2 112 5 452 308 158 191 378
2 236 7 159 360 379 69 216 349 24
2 31 4 284 215 454 452
3 462 119
2 104 8 16 62 42 489 375 147 34 319
2 147 4 277 75 268 44
3 318 476
2 221 4 88 442 434 175
2 118 5 19 453 439 310 421
3 403 231
2 399 2 115 243
2 23 1 161
3 424 437
3 94 87
3 173 158
3 291 96
2 138 5 493 439 262 421 110
3 177 390
3 416 77
2 38 8 195 259 189 248 152 341 173 45
3 46 79
2 448 5 206 466 200 412 456
2 53 4 375 447 464 330
2 480 5 244 84 442 353 320
3 236 455
2 331 7 466 161 73 470 475 129 138
4 6 5 161 239 314 329 335
2 127 4 331 379 155 79
2 242 2 342 228
2 412 7 235 483 252 402 367 62 274
2 62 3 342 199 383
3 35 463
2 209 2 142 95
2 474 3 362 58 396
3 122 239
2 148 1 319
3 104 491
2 480 8 499 268 167 348 331 107 189 90
3 356 210
2 457 2 101 230
3 295 137
2 213 7 156 136 268 70 448 183 217
2 114 3 428 287 244
3 453 249
2 103 6 378 415 80 233 1 286
2 429 2 453 42
3 337 230
3 37 266
2 192 6 243 231 242 302 444 184
2 24 3 123 143 122
2 184 8 131 163 459 100 241 441 436 25
3 119 46
3 442 171
2 16 8 197 195 193 191 250 74 31 378
2 494 8 358 422 30 97 395 493 101 154
3 33 332
2 429 8 293 254 144 233 415 210 145 435
2 270 3 378 153 9
3 363 24
2 477 3 214 242 422
3 33 436
3 70 499
2 434 4 469 282 112 304
3 165 203
3 49 409
2 442 1 73
3 436 419
2 129 1 343
2 263 7 357 237 114 436 487 9 194
2 260 5 230 397 369 333 401
2 102 5 378 259 413 23 165
3 416 348
2 35 3 94 39 179
2 459 6 11 366 194 69 419 35
2 33 6 319 360 167 42 6 190
2 60 5 15 245 436 439 172
2 267 7 411 134 468 5 405 176 394
2 430 2 78 441
2 442 7 222 144 449 459 303 308 319
2 46 3 182 285 154
2 331 7 309 281 304 491 408 115 62
2 202 5 136 382 101 393 23
3 37 80
3 50 117
3 466 445
2 359 2 139 400
3 407 261
2 410 5 213 93 126 200 31
2 167 8 409 224 164 471 425 95 153 215
2 99 4 481 198 141 64
3 443 241
3 27 63
3 212 337
2 15 8 346 325 36 322 293 252 32 256
3 88 52
2 171 5 203 287 116 67 444
2 407 3 338 344 378
2 308 6 292 490 126 375 46 434
2 166 5 171 113 438 2 340
3 385 213
3 487 263
2 132 6 275 495 279 124 291 233
4 376 5 43 52 205 288 400
3 432 154
3 191 77
3 337 7
3 330 282
3 407 258
2 465 1 225
3 269 220
2 216 7 496 22 49 220 162 342 289
2 438 1 319
2 414 6 390 304 438 448 435 346
2 272 6 144 238 162 494 221 386
3 375 44
2 147 3 305 57 436
3 234 119
3 14 477
2 219 1 292
3 402 131
3 179 36
2 174 8 496 223 306 122 180 95 372 151
3 264 161
2 102 7 36 96 163 324 270 435 238
3 250 457
2 181 6 344 248 400 268 13 436
3 50 274
2 128 3 263 334 200
2 154 8 259 400 173 269 384 434 230 89
3 300 365
2 194 8 147 14 81 319 279 424 256 25
3 69 459
2 399 3 177 78 451
3 32 134
3 294 381
2 453 1 128
2 115 5 19 148 187 172 201
3 78 1
3 101 322
3 281 136
3 31 69
2 162 2 124 499
2 335 2 106 261
3 286 403
3 243 165
2 341 1 306
2 478 3 31 35 175
2 480 1 384
4 445 5 178 392 422 49 57
3 49 332
3 89 112
3 37 17
3 347 319
3 243 447
2 272 1 267
2 274 7 396 221 243 218 325 190 34
3 18 210
4 306 5 224 450 481 38 106
2 478 4 182 342 452 3
3 232 264
3 286 264
3 37 35
2 2 2 252 354
3 389 84
2 464 2 273 336
3 155 239
2 184 7 59 244 467 208 475 413 82
2 333 3 171 418 304
2 207 7 239 337 313 120 383 263 363
3 66 267
2 485 1 486
2 123 2 375 383
3 374 445
2 128 7 33 159 376 8 472 221 442
3 140 271
2 268 2 435 456
3 428 216
2 291 4 204 487 84 284
2 165 5 37 438 261 123 142
3 497 290
2 437 7 285 483 281 103 310 12 327
2 6 4 223 406 19 433
2 339 5 65 121 67 402 291
2 471 2 266 349
2 453 5 340 140 441 160 248
2 71 2 30 495
2 1 2 102 91
3 227 176
2 127 1 375
4 252 5 102 448 7 136 472
3 227 418
4 21 5 162 330 52 62 210
2 499 6 360 429 378 67 86 391
2 430 6 355 60 263 373 224 200
3 340 431
2 87 4 283 260 126 458
2 22 1 298
2 269 4 282 442 306 405
2 337 8 41 19 349 81 37 431 471 433
2 347 8 85 260 57 395 18 156 228 39
3 3 491
2 87 5 454 434 327 139 457
2 247 1 277
2 334 2 360 406
3 17 363
2 339 7 213 76 424 489 259 198 104
3 171 444
4 196 5 102 115 71 108 154
3 446 481
2 60 2 366 210
3 78 376
3 312 266
3 422 479
2 68 5 377 496 412 475 499
2 94 4 275 451 15 281
2 271 6 74 133 209 500 388 475
2 124 3 252 376 78
2 415 1 120
2 337 3 80 24 85
3 264 22
2 203 8 157 340 58 148 288 365 302 13
3 171 493
2 44 8 81 201 210 169 345 216 163 89
3 254 101
3 374 290
2 395 8 62 406 18 340 265 93 497 194
3 167 148
2 241 1 446
2 132 2 227 38
2 102 4 400 61 94 248
3 376 197
2 405 5 176 474 207 254 191
3 392 3
3 243 78
2 234 2 341 468
2 192 3 217 103 490
3 161 489
4 181 5 285 38 151 207 348
2 409 7 77 126 66 464 146 477 350
3 99 90
2 87 8 290 474 349 184 217 496 120 270
2 187 8 360 279 442 111 116 304 496 342
3 73 451
3 387 478
3 297 309
3 288 154
2 251 4 96 486 214 36
3 79 28
2 427 2 150 468
3 125 151
3 208 244
2 76 8 164 461 150 5 283 468 384 192
3 486 124
3 172 60
2 13 2 205 164
2 189 1 45
2 472 2 257 23
3 286 443
3 422 309
3 92 84
3 401 152
2 443 2 157 121
3 320 368
3 275 358
2 163 8 440 374 394 292 437 243 218 61
2 212 3 259 7 71
2 213 4 196 478 275 309
2 297 2 487 474
3 333 415
3 68 181
3 238 395
2 38 4 342 74 381 187
3 338 381
2 127 4 198 168 473 404
3 243 356
3 255 94
3 103 64
2 298 7 215 21 197 5 364 55 252
2 299 5 474 97 122 218 113
2 479 8 387 82 390 323 388 371 408 486
2 162 8 52 364 450 226 30 313 136 88
4 237 5 130 194 239 410 4
2 430 1 251
2 182 7 217 38 213 277 181 22 350
3 204 353
2 17 8 402 499 207 40 183 498 70 235
3 39 287
2 9 4 87 343 6 458
2 354 4 244 32 251 423
2 64 7 205 275 362 193 26 12 322
3 70 46
2 174 2 261 476
2 413 1 257
2 167 7 310 404 438 371 209 468 380
2 487 4 449 371 97 20
3 288 318
3 315 372
3 250 401
4 235 5 345 120 206 252 289
2 411 8 276 161 354 34 32 297 315 227
3 463 83
2 93 7 255 184 51 121 382 257 220
3 130 161
3 138 493
3 450 349
2 153 6 83 185 105 198 69 233
2 486 1 33
3 473 127
2 431 7 335 227 359 213 484 384 475
3 438 166
2 102 5 496 135 264 385 446
3 172 48
3 35 194
2 96 5 74 61 452 77 147
2 131 7 266 137 23 469 20 258 427
3 180 165
3 221 434
3 153 69
2 321 3 403 406 72
2 15 3 484 120 159
2 447 7 202 288 229 263 335 220 427
2 95 7 392 170 342 159 153 385 323
2 96 2 261 216
3 313 83
3 489 102
3 489 89
2 248 3 98 408 11
2 169 7 373 204 80 78 143 486 76
3 89 167
2 280 3 355 147 74
3 99 206
2 449 8 258 80 170 173 136 96 29 450
2 464 6 323 56 31 474 103 420
2 310 6 229 476 309 450 165 84
2 145 5 43 430 168 368 433
2 278 6 81 301 403 240 160 173
2 406 7 354 420 159 469 20 403 198
2 25 3 224 214 36
2 118 4 29 161 311 325
3 7 490
2 486 6 393 104 133 420 221 115
2 468 2 103 300
3 275 24
3 47 206
2 154 8 95 129 423 73 379 391 136 72
3 250 242
3 74 16
2 273 7 154 32 358 158 270 152 162
2 120 4 493 55 464 486
3 91 92
2 412 3 197 178 288
2 137 6 175 34 483 154 316 254
4 421 5 266 24 49 147 148
2 64 8 439 352 449 180 237 497 324 172
2 207 2 473 430
3 186 451
2 330 8 334 374 226 438 316 325 177 232
2 171 3 429 223 379
2 250 5 70 498 336 216 400
2 297 1 325
2 176 3 57 16 59
4 245 5 285 96 120 126 135
3 363 207
2 480 6 476 443 240 223 416 410
3 77 326
3 133 500
2 120 1 248
2 319 3 466 222 400
2 192 1 396
2 377 3 14 349 346
2 2 8 466 176 42 399 162 335 41 338
2 206 3 119 278 467
2 340 2 334 381
3 267 491
2 227 2 121 91
3 312 82
3 321 372
3 47 478
2 335 8 379 166 115 221 242 140 292 175
2 436 6 409 171 389 164 104 142
2 469 1 184
2 260 5 446 494 366 316 344
3 16 250
2 27 4 312 479 153 435
2 259 3 167 440 372
2 105 1 38
2 389 3 274 346 229
3 203 61
2 96 3 453 299 307
2 63 7 43 176 449 147 122 256 117
2 26 1 487
2 240 5 401 345 282 337 360
3 167 224
3 331 159
3 461 9
2 74 5 446 204 195 163 410
2 22 6 106 10 464 381 442 450
3 229 497
2 421 7 26 354 292 220 53 359 27
2 229 7 61 143 179 150 321 29 54
2 341 6 40 434 202 94 440 120
2 276 6 234 443 433 365 284 95
2 107 7 174 226 448 61 57 394 429
2 233 6 32 265 112 76 331 91
2 442 1 424
2 346 3 103 89 197
2 10 6 488 96 296 254 79 91
2 115 4 96 44 214 263
3 13 289
3 217 434
2 442 1 433
3 455 7
2 192 1 283
2 465 2 310 352
2 94 1 16
3 236 188
2 121 3 141 220 113
3 305 475
2 181 2 457 448
3 247 415
2 173 8 106 373 454 440 488 323 349 282
2 486 5 94 287 53 433 250
3 416 255
3 313 39
2 484 7 187 147 254 211 244 239 146
2 349 3 220 390 330
2 278 8 367 101 297 246 97 217 250 366
2 56 5 250 135 454 353 170
2 389 7 175 54 490 284 464 84 282
3 43 329
3 383 30
3 103 8
2 151 1 359
3 226 162
2 5 2 455 43
3 372 318
3 453 429
2 332 7 419 303 59 8 236 323 488
2 66 1 97
3 117 462
3 99 287
3 325 411
3 364 336
2 235 3 271 39 495
3 348 122
2 472 1 131
2 435 2 83 276
2 235 2 304 16
3 210 185
3 450 288
2 433 3 19 243 472
2 490 5 404 247 218 101 461
2 378 7 219 461 399 468 210 275 175
2 375 5 322 311 13 374 383
2 171 2 325 188
3 339 213
2 139 5 371 14 101 163 340
3 154 230
3 387 415
2 67 6 320 293 408 348 251 236
3 85 5
3 466 236
3 458 381
2 241 7 36 130 207 346 463 354 135
2 450 8 303 20 202 182 27 176 389 240
3 244 269
2 181 8 465 133 381 45 267 122 339 435
2 358 8 11 112 33 49 403 362 187 491
3 500 21
2 81 5 432 406 376 88 416
2 231 2 274 328
2 173 6 409 7 365 309 389 387
2 125 7 35 3 145 491 137 68 99
3 60 245
2 244 8 273 49 253 208 4 431 317 263
2 243 5 169 114 141 435 376
2 276 6 461 375 297 179 414 429
2 287 8 385 170 487 9 165 95 175 1
4 21 5 162 330 52 62 203
2 316 8 305 314 180 243 403 189 70 430
2 184 1 146
2 333 6 362 263 384 496 29 150
2 92 3 243 344 156
4 344 5 161 7 26 57 68